[5, 0.91, 0.76, 1.35, 0.15, 6.36, 0.11, 1.83, 0.45, 1.25, 0.57]
[5, 0.91, 0.76, 1.35, 0.15, 6.36, 0.11, 1.83, 0.45, 1.25, 0.57]
[5, 0.91, 0.76, 1.35, 0.15, 6.36, 0.11, 1.83, 0.45, 1.25, 0.57]
[5, 0.91, 0.76, 1.35, 0.15, 6.36, 0.11, 1.83, 0.45, 1.25, 0.57]
[5, 0.91, 0.76, 1.35, 0.15, 6.36, 0.11, 1.83, 0.45, 1.25, 0.57]
[5, 0.91, 0.76, 1.35, 0.15, 6.36, 0.11, 1.83, 0.45, 1.25, 0.57]
[5, 0.91, 0.76, 1.35, 0.15, 6.36, 0.11, 1.83, 0.45, 1.25, 0.57]
[5, 0.91, 0.76, 1.35, 0.15, 6.36, 0.11, 1.83, 0.45, 1.25, 0.57]
[5, 0.91, 0.76, 1.35, 0.15, 6.36, 0.11, 1.83, 0.45, 1.25, 0.57]
[5, 0.91, 0.76, 1.35, 0.15, 6.36, 0.11, 1.83, 0.45, 1.25, 0.57]
[5, 0.91, 0.76, 1.35, 0.15, 6.36, 0.11, 1.83, 0.45, 1.25, 0.57]
[5, 0.91, 0.76, 1.35, 0.15, 6.36, 0.11, 1.83, 0.45, 1.25, 0.57]
[5, 0.91, 0.76, 1.35, 0.15, 6.36, 0.11, 1.83, 0.45, 1.25, 0.57]
[5, 0.91, 0.76, 1.35, 0.15, 6.36, 0.11, 1.83, 0.45, 1.25, 0.57]
[5, 0.91, 0.76, 1.35, 0.15, 6.36, 0.11, 1.83, 0.45, 1.25, 0.57]
[5, 0.91, 0.76, 1.35, 0.15, 6.36, 0.11, 1.83, 0.45, 1.25, 0.57]
[6, 0.91, 0.76, 1.35, 0.15, 6.36, 0.11, 1.83, 0.45, 1.25, 0.57]
[6, 0.91, 0.76, 1.35, 0.15, 6.36, 0.11, 1.83, 0.45, 1.25, 0.57]
[6, 0.91, 0.76, 1.35, 0.15, 6.36, 0.11, 1.83, 0.45, 1.25, 0.57]
[6, 0.91, 0.76, 1.35, 0.15, 6.36, 0.11, 1.83, 0.45, 1.25, 0.57]
[6, 0.91, 0.76, 1.35, 0.15, 6.36, 0.11, 1.83, 0.45, 1.25, 0.57]
[6, 0.91, 0.76, 1.35, 0.15, 6.36, 0.11, 1.83, 0.45, 1.25, 0.57]
[6, 0.91, 0.76, 1.35, 0.15, 6.36, 0.11, 1.83, 0.45, 1.25, 0.57]
[6, 0.91, 0.76, 1.35, 0.15, 6.36, 0.11, 1.83, 0.45, 1.25, 0.57]
[6, 0.91, 0.76, 1.35, 0.15, 6.36, 0.11, 1.83, 0.45, 1.25, 0.57]
[6, 0.91, 0.76, 1.35, 0.15, 6.36, 0.11, 1.83, 0.45, 1.25, 0.57]
[6, 0.91, 0.76, 1.35, 0.15, 6.36, 0.11, 1.83, 0.45, 1.25, 0.57]
[6, 0.91, 0.76, 1.35, 0.15, 6.36, 0.11, 1.83, 0.45, 1.25, 0.57]
[6, 0.91, 0.76, 1.35, 0.15, 6.36, 0.11, 1.83, 0.45, 1.25, 0.57]
[6, 0.91, 0.76, 1.35, 0.15, 6.36, 0.11, 1.83, 0.45, 1.25, 0.57]
[6, 0.91, 0.76, 1.35, 0.15, 6.36, 0.11, 1.83, 0.45, 1.25, 0.57]
[6, 0.91, 0.76, 1.35, 0.15, 6.36, 0.11, 1.83, 0.45, 1.25, 0.57]
[7, 0.91, 0.76, 1.35, 0.15, 6.36, 0.11, 1.83, 0.45, 1.25, 0.57]
[7, 0.91, 0.76, 1.35, 0.15, 6.36, 0.11, 1.83, 0.45, 1.25, 0.57]
[7, 0.91, 0.76, 1.35, 0.15, 6.36, 0.11, 1.83, 0.45, 1.25, 0.57]
[7, 0.91, 0.76, 1.35, 0.15, 6.36, 0.11, 1.83, 0.45, 1.25, 0.57]
[7, 0.91, 0.76, 1.35, 0.15, 6.36, 0.11, 1.83, 0.45, 1.25, 0.57]
[7, 0.91, 0.76, 1.35, 0.15, 6.36, 0.11, 1.83, 0.45, 1.25, 0.57]
[7, 0.91, 0.76, 1.35, 0.15, 6.36, 0.11, 1.83, 0.45, 1.25, 0.57]
[7, 0.91, 0.76, 1.35, 0.15, 6.36, 0.11, 1.83, 0.45, 1.25, 0.57]
[7, 0.91, 0.76, 1.35, 0.15, 6.36, 0.11, 1.83, 0.45, 1.25, 0.57]
[7, 0.91, 0.76, 1.35, 0.15, 6.36, 0.11, 1.83, 0.45, 1.25, 0.57]
[7, 0.91, 0.76, 1.35, 0.15, 6.36, 0.11, 1.83, 0.45, 1.25, 0.57]
[7, 0.91, 0.76, 1.35, 0.15, 6.36, 0.11, 1.83, 0.45, 1.25, 0.57]
[7, 0.91, 0.76, 1.35, 0.15, 6.36, 0.11, 1.83, 0.45, 1.25, 0.57]
[7, 0.91, 0.76, 1.35, 0.15, 6.36, 0.11, 1.83, 0.45, 1.25, 0.57]
[7, 0.91, 0.76, 1.35, 0.15, 6.36, 0.11, 1.83, 0.45, 1.25, 0.57]
[7, 0.91, 0.76, 1.35, 0.15, 6.36, 0.11, 1.83, 0.45, 1.25, 0.57]
[8, 0.91, 0.76, 1.35, 0.15, 6.36, 0.11, 1.83, 0.45, 1.25, 0.57]
[8, 0.91, 0.76, 1.35, 0.15, 6.36, 0.11, 1.83, 0.45, 1.25, 0.57]
[8, 0.91, 0.76, 1.35, 0.15, 6.36, 0.11, 1.83, 0.45, 1.25, 0.57]
[8, 0.91, 0.76, 1.35, 0.15, 6.36, 0.11, 1.83, 0.45, 1.25, 0.57]
[8, 0.91, 0.76, 1.35, 0.15, 6.36, 0.11, 1.83, 0.45, 1.25, 0.57]
[8, 0.91, 0.76, 1.35, 0.15, 6.36, 0.11, 1.83, 0.45, 1.25, 0.57]
[8, 0.91, 0.76, 1.35, 0.15, 6.36, 0.11, 1.83, 0.45, 1.25, 0.57]
[8, 0.91, 0.76, 1.35, 0.15, 6.36, 0.11, 1.83, 0.45, 1.25, 0.57]
[8, 0.91, 0.76, 1.35, 0.15, 6.36, 0.11, 1.83, 0.45, 1.25, 0.57]
[8, 0.91, 0.76, 1.35, 0.15, 6.36, 0.11, 1.83, 0.45, 1.25, 0.57]
[8, 0.91, 0.76, 1.35, 0.15, 6.36, 0.11, 1.83, 0.45, 1.25, 0.57]
[8, 0.91, 0.76, 1.35, 0.15, 6.36, 0.11, 1.83, 0.45, 1.25, 0.57]
[8, 0.91, 0.76, 1.35, 0.15, 6.36, 0.11, 1.83, 0.45, 1.25, 0.57]
[8, 0.91, 0.76, 1.35, 0.15, 6.36, 0.11, 1.83, 0.45, 1.25, 0.57]
[8, 0.91, 0.76, 1.35, 0.15, 6.36, 0.11, 1.83, 0.45, 1.25, 0.57]
[8, 0.91, 0.76, 1.35, 0.15, 6.36, 0.11, 1.83, 0.45, 1.25, 0.57]
[9, 0.91, 0.76, 1.35, 0.15, 6.36, 0.11, 1.83, 0.45, 1.25, 0.57]
[9, 0.91, 0.76, 1.35, 0.15, 6.36, 0.11, 1.83, 0.45, 1.25, 0.57]
[9, 0.91, 0.76, 1.35, 0.15, 6.36, 0.11, 1.83, 0.45, 1.25, 0.57]
[9, 0.91, 0.76, 1.35, 0.15, 6.36, 0.11, 1.83, 0.45, 1.25, 0.57]
[9, 0.91, 0.76, 1.35, 0.15, 6.36, 0.11, 1.83, 0.45, 1.25, 0.57]
[9, 0.91, 0.76, 1.35, 0.15, 6.36, 0.11, 1.83, 0.45, 1.25, 0.57]
[9, 0.91, 0.76, 1.35, 0.15, 6.36, 0.11, 1.83, 0.45, 1.25, 0.57]
[9, 0.91, 0.76, 1.35, 0.15, 6.36, 0.11, 1.83, 0.45, 1.25, 0.57]
[9, 0.91, 0.76, 1.35, 0.15, 6.36, 0.11, 1.83, 0.45, 1.25, 0.57]
[9, 0.91, 0.76, 1.35, 0.15, 6.36, 0.11, 1.83, 0.45, 1.25, 0.57]
[9, 0.91, 0.76, 1.35, 0.15, 6.36, 0.11, 1.83, 0.45, 1.25, 0.57]
[9, 0.91, 0.76, 1.35, 0.15, 6.36, 0.11, 1.83, 0.45, 1.25, 0.57]
[9, 0.91, 0.76, 1.35, 0.15, 6.36, 0.11, 1.83, 0.45, 1.25, 0.57]
[9, 0.91, 0.76, 1.35, 0.15, 6.36, 0.11, 1.83, 0.45, 1.25, 0.57]
[9, 0.91, 0.76, 1.35, 0.15, 6.36, 0.11, 1.83, 0.45, 1.25, 0.57]
[9, 0.91, 0.76, 1.35, 0.15, 6.36, 0.11, 1.83, 0.45, 1.25, 0.57]
[10, 0.91, 0.76, 1.35, 0.15, 6.36, 0.11, 1.83, 0.45, 1.25, 0.57]
[10, 0.91, 0.76, 1.35, 0.15, 6.36, 0.11, 1.83, 0.45, 1.25, 0.57]
[10, 0.91, 0.76, 1.35, 0.15, 6.36, 0.11, 1.83, 0.45, 1.25, 0.57]
[10, 0.91, 0.76, 1.35, 0.15, 6.36, 0.11, 1.83, 0.45, 1.25, 0.57]
[10, 0.91, 0.76, 1.35, 0.15, 6.36, 0.11, 1.83, 0.45, 1.25, 0.57]
[10, 0.91, 0.76, 1.35, 0.15, 6.36, 0.11, 1.83, 0.45, 1.25, 0.57]
[10, 0.91, 0.76, 1.35, 0.15, 6.36, 0.11, 1.83, 0.45, 1.25, 0.57]
[10, 0.91, 0.76, 1.35, 0.15, 6.36, 0.11, 1.83, 0.45, 1.25, 0.57]
[10, 0.91, 0.76, 1.35, 0.15, 6.36, 0.11, 1.83, 0.45, 1.25, 0.57]
[10, 0.91, 0.76, 1.35, 0.15, 6.36, 0.11, 1.83, 0.45, 1.25, 0.57]
[10, 0.91, 0.76, 1.35, 0.15, 6.36, 0.11, 1.83, 0.45, 1.25, 0.57]
[10, 0.91, 0.76, 1.35, 0.15, 6.36, 0.11, 1.83, 0.45, 1.25, 0.57]
[10, 0.91, 0.76, 1.35, 0.15, 6.36, 0.11, 1.83, 0.45, 1.25, 0.57]
[10, 0.91, 0.76, 1.35, 0.15, 6.36, 0.11, 1.83, 0.45, 1.25, 0.57]
[10, 0.91, 0.76, 1.35, 0.15, 6.36, 0.11, 1.83, 0.45, 1.25, 0.57]
[10, 0.91, 0.76, 1.35, 0.15, 6.36, 0.11, 1.83, 0.45, 1.25, 0.57]
[9, 0.682, 0.76, 1.35, 0.15, 6.36, 0.11, 1.83, 0.45, 1.25, 0.57]
[9, 0.682, 0.76, 1.35, 0.15, 6.36, 0.11, 1.83, 0.45, 1.25, 0.57]
[9, 0.682, 0.76, 1.35, 0.15, 6.36, 0.11, 1.83, 0.45, 1.25, 0.57]
[9, 0.682, 0.76, 1.35, 0.15, 6.36, 0.11, 1.83, 0.45, 1.25, 0.57]
[9, 0.682, 0.76, 1.35, 0.15, 6.36, 0.11, 1.83, 0.45, 1.25, 0.57]
[9, 0.682, 0.76, 1.35, 0.15, 6.36, 0.11, 1.83, 0.45, 1.25, 0.57]
[9, 0.682, 0.76, 1.35, 0.15, 6.36, 0.11, 1.83, 0.45, 1.25, 0.57]
[9, 0.682, 0.76, 1.35, 0.15, 6.36, 0.11, 1.83, 0.45, 1.25, 0.57]
[9, 0.682, 0.76, 1.35, 0.15, 6.36, 0.11, 1.83, 0.45, 1.25, 0.57]
[9, 0.682, 0.76, 1.35, 0.15, 6.36, 0.11, 1.83, 0.45, 1.25, 0.57]
[9, 0.682, 0.76, 1.35, 0.15, 6.36, 0.11, 1.83, 0.45, 1.25, 0.57]
[9, 0.682, 0.76, 1.35, 0.15, 6.36, 0.11, 1.83, 0.45, 1.25, 0.57]
[9, 0.682, 0.76, 1.35, 0.15, 6.36, 0.11, 1.83, 0.45, 1.25, 0.57]
[9, 0.682, 0.76, 1.35, 0.15, 6.36, 0.11, 1.83, 0.45, 1.25, 0.57]
[9, 0.682, 0.76, 1.35, 0.15, 6.36, 0.11, 1.83, 0.45, 1.25, 0.57]
[9, 0.682, 0.76, 1.35, 0.15, 6.36, 0.11, 1.83, 0.45, 1.25, 0.57]
[9, 0.728, 0.76, 1.35, 0.15, 6.36, 0.11, 1.83, 0.45, 1.25, 0.57]
[9, 0.728, 0.76, 1.35, 0.15, 6.36, 0.11, 1.83, 0.45, 1.25, 0.57]
[9, 0.728, 0.76, 1.35, 0.15, 6.36, 0.11, 1.83, 0.45, 1.25, 0.57]
[9, 0.728, 0.76, 1.35, 0.15, 6.36, 0.11, 1.83, 0.45, 1.25, 0.57]
[9, 0.728, 0.76, 1.35, 0.15, 6.36, 0.11, 1.83, 0.45, 1.25, 0.57]
[9, 0.728, 0.76, 1.35, 0.15, 6.36, 0.11, 1.83, 0.45, 1.25, 0.57]
[9, 0.728, 0.76, 1.35, 0.15, 6.36, 0.11, 1.83, 0.45, 1.25, 0.57]
[9, 0.728, 0.76, 1.35, 0.15, 6.36, 0.11, 1.83, 0.45, 1.25, 0.57]
[9, 0.728, 0.76, 1.35, 0.15, 6.36, 0.11, 1.83, 0.45, 1.25, 0.57]
[9, 0.728, 0.76, 1.35, 0.15, 6.36, 0.11, 1.83, 0.45, 1.25, 0.57]
[9, 0.728, 0.76, 1.35, 0.15, 6.36, 0.11, 1.83, 0.45, 1.25, 0.57]
[9, 0.728, 0.76, 1.35, 0.15, 6.36, 0.11, 1.83, 0.45, 1.25, 0.57]
[9, 0.728, 0.76, 1.35, 0.15, 6.36, 0.11, 1.83, 0.45, 1.25, 0.57]
[9, 0.728, 0.76, 1.35, 0.15, 6.36, 0.11, 1.83, 0.45, 1.25, 0.57]
[9, 0.728, 0.76, 1.35, 0.15, 6.36, 0.11, 1.83, 0.45, 1.25, 0.57]
[9, 0.728, 0.76, 1.35, 0.15, 6.36, 0.11, 1.83, 0.45, 1.25, 0.57]
[9, 0.774, 0.76, 1.35, 0.15, 6.36, 0.11, 1.83, 0.45, 1.25, 0.57]
[9, 0.774, 0.76, 1.35, 0.15, 6.36, 0.11, 1.83, 0.45, 1.25, 0.57]
[9, 0.774, 0.76, 1.35, 0.15, 6.36, 0.11, 1.83, 0.45, 1.25, 0.57]
[9, 0.774, 0.76, 1.35, 0.15, 6.36, 0.11, 1.83, 0.45, 1.25, 0.57]
[9, 0.774, 0.76, 1.35, 0.15, 6.36, 0.11, 1.83, 0.45, 1.25, 0.57]
[9, 0.774, 0.76, 1.35, 0.15, 6.36, 0.11, 1.83, 0.45, 1.25, 0.57]
[9, 0.774, 0.76, 1.35, 0.15, 6.36, 0.11, 1.83, 0.45, 1.25, 0.57]
[9, 0.774, 0.76, 1.35, 0.15, 6.36, 0.11, 1.83, 0.45, 1.25, 0.57]
[9, 0.774, 0.76, 1.35, 0.15, 6.36, 0.11, 1.83, 0.45, 1.25, 0.57]
[9, 0.774, 0.76, 1.35, 0.15, 6.36, 0.11, 1.83, 0.45, 1.25, 0.57]
[9, 0.774, 0.76, 1.35, 0.15, 6.36, 0.11, 1.83, 0.45, 1.25, 0.57]
[9, 0.774, 0.76, 1.35, 0.15, 6.36, 0.11, 1.83, 0.45, 1.25, 0.57]
[9, 0.774, 0.76, 1.35, 0.15, 6.36, 0.11, 1.83, 0.45, 1.25, 0.57]
[9, 0.774, 0.76, 1.35, 0.15, 6.36, 0.11, 1.83, 0.45, 1.25, 0.57]
[9, 0.774, 0.76, 1.35, 0.15, 6.36, 0.11, 1.83, 0.45, 1.25, 0.57]
[9, 0.774, 0.76, 1.35, 0.15, 6.36, 0.11, 1.83, 0.45, 1.25, 0.57]
[9, 0.819, 0.76, 1.35, 0.15, 6.36, 0.11, 1.83, 0.45, 1.25, 0.57]
[9, 0.819, 0.76, 1.35, 0.15, 6.36, 0.11, 1.83, 0.45, 1.25, 0.57]
[9, 0.819, 0.76, 1.35, 0.15, 6.36, 0.11, 1.83, 0.45, 1.25, 0.57]
[9, 0.819, 0.76, 1.35, 0.15, 6.36, 0.11, 1.83, 0.45, 1.25, 0.57]
[9, 0.819, 0.76, 1.35, 0.15, 6.36, 0.11, 1.83, 0.45, 1.25, 0.57]
[9, 0.819, 0.76, 1.35, 0.15, 6.36, 0.11, 1.83, 0.45, 1.25, 0.57]
[9, 0.819, 0.76, 1.35, 0.15, 6.36, 0.11, 1.83, 0.45, 1.25, 0.57]
[9, 0.819, 0.76, 1.35, 0.15, 6.36, 0.11, 1.83, 0.45, 1.25, 0.57]
[9, 0.819, 0.76, 1.35, 0.15, 6.36, 0.11, 1.83, 0.45, 1.25, 0.57]
[9, 0.819, 0.76, 1.35, 0.15, 6.36, 0.11, 1.83, 0.45, 1.25, 0.57]
[9, 0.819, 0.76, 1.35, 0.15, 6.36, 0.11, 1.83, 0.45, 1.25, 0.57]
[9, 0.819, 0.76, 1.35, 0.15, 6.36, 0.11, 1.83, 0.45, 1.25, 0.57]
[9, 0.819, 0.76, 1.35, 0.15, 6.36, 0.11, 1.83, 0.45, 1.25, 0.57]
[9, 0.819, 0.76, 1.35, 0.15, 6.36, 0.11, 1.83, 0.45, 1.25, 0.57]
[9, 0.819, 0.76, 1.35, 0.15, 6.36, 0.11, 1.83, 0.45, 1.25, 0.57]
[9, 0.819, 0.76, 1.35, 0.15, 6.36, 0.11, 1.83, 0.45, 1.25, 0.57]
[9, 0.865, 0.76, 1.35, 0.15, 6.36, 0.11, 1.83, 0.45, 1.25, 0.57]
[9, 0.865, 0.76, 1.35, 0.15, 6.36, 0.11, 1.83, 0.45, 1.25, 0.57]
[9, 0.865, 0.76, 1.35, 0.15, 6.36, 0.11, 1.83, 0.45, 1.25, 0.57]
[9, 0.865, 0.76, 1.35, 0.15, 6.36, 0.11, 1.83, 0.45, 1.25, 0.57]
[9, 0.865, 0.76, 1.35, 0.15, 6.36, 0.11, 1.83, 0.45, 1.25, 0.57]
[9, 0.865, 0.76, 1.35, 0.15, 6.36, 0.11, 1.83, 0.45, 1.25, 0.57]
[9, 0.865, 0.76, 1.35, 0.15, 6.36, 0.11, 1.83, 0.45, 1.25, 0.57]
[9, 0.865, 0.76, 1.35, 0.15, 6.36, 0.11, 1.83, 0.45, 1.25, 0.57]
[9, 0.865, 0.76, 1.35, 0.15, 6.36, 0.11, 1.83, 0.45, 1.25, 0.57]
[9, 0.865, 0.76, 1.35, 0.15, 6.36, 0.11, 1.83, 0.45, 1.25, 0.57]
[9, 0.865, 0.76, 1.35, 0.15, 6.36, 0.11, 1.83, 0.45, 1.25, 0.57]
[9, 0.865, 0.76, 1.35, 0.15, 6.36, 0.11, 1.83, 0.45, 1.25, 0.57]
[9, 0.865, 0.76, 1.35, 0.15, 6.36, 0.11, 1.83, 0.45, 1.25, 0.57]
[9, 0.865, 0.76, 1.35, 0.15, 6.36, 0.11, 1.83, 0.45, 1.25, 0.57]
[9, 0.865, 0.76, 1.35, 0.15, 6.36, 0.11, 1.83, 0.45, 1.25, 0.57]
[9, 0.865, 0.76, 1.35, 0.15, 6.36, 0.11, 1.83, 0.45, 1.25, 0.57]
[9, 0.956, 0.76, 1.35, 0.15, 6.36, 0.11, 1.83, 0.45, 1.25, 0.57]
[9, 0.956, 0.76, 1.35, 0.15, 6.36, 0.11, 1.83, 0.45, 1.25, 0.57]
[9, 0.956, 0.76, 1.35, 0.15, 6.36, 0.11, 1.83, 0.45, 1.25, 0.57]
[9, 0.956, 0.76, 1.35, 0.15, 6.36, 0.11, 1.83, 0.45, 1.25, 0.57]
[9, 0.956, 0.76, 1.35, 0.15, 6.36, 0.11, 1.83, 0.45, 1.25, 0.57]
[9, 0.956, 0.76, 1.35, 0.15, 6.36, 0.11, 1.83, 0.45, 1.25, 0.57]
[9, 0.956, 0.76, 1.35, 0.15, 6.36, 0.11, 1.83, 0.45, 1.25, 0.57]
[9, 0.956, 0.76, 1.35, 0.15, 6.36, 0.11, 1.83, 0.45, 1.25, 0.57]
[9, 0.956, 0.76, 1.35, 0.15, 6.36, 0.11, 1.83, 0.45, 1.25, 0.57]
[9, 0.956, 0.76, 1.35, 0.15, 6.36, 0.11, 1.83, 0.45, 1.25, 0.57]
[9, 0.956, 0.76, 1.35, 0.15, 6.36, 0.11, 1.83, 0.45, 1.25, 0.57]
[9, 0.956, 0.76, 1.35, 0.15, 6.36, 0.11, 1.83, 0.45, 1.25, 0.57]
[9, 0.956, 0.76, 1.35, 0.15, 6.36, 0.11, 1.83, 0.45, 1.25, 0.57]
[9, 0.956, 0.76, 1.35, 0.15, 6.36, 0.11, 1.83, 0.45, 1.25, 0.57]
[9, 0.956, 0.76, 1.35, 0.15, 6.36, 0.11, 1.83, 0.45, 1.25, 0.57]
[9, 0.956, 0.76, 1.35, 0.15, 6.36, 0.11, 1.83, 0.45, 1.25, 0.57]
[9, 0.91, 0.57, 1.35, 0.15, 6.36, 0.11, 1.83, 0.45, 1.25, 0.57]
[9, 0.91, 0.57, 1.35, 0.15, 6.36, 0.11, 1.83, 0.45, 1.25, 0.57]
[9, 0.91, 0.57, 1.35, 0.15, 6.36, 0.11, 1.83, 0.45, 1.25, 0.57]
[9, 0.91, 0.57, 1.35, 0.15, 6.36, 0.11, 1.83, 0.45, 1.25, 0.57]
[9, 0.91, 0.57, 1.35, 0.15, 6.36, 0.11, 1.83, 0.45, 1.25, 0.57]
[9, 0.91, 0.57, 1.35, 0.15, 6.36, 0.11, 1.83, 0.45, 1.25, 0.57]
[9, 0.91, 0.57, 1.35, 0.15, 6.36, 0.11, 1.83, 0.45, 1.25, 0.57]
[9, 0.91, 0.57, 1.35, 0.15, 6.36, 0.11, 1.83, 0.45, 1.25, 0.57]
[9, 0.91, 0.57, 1.35, 0.15, 6.36, 0.11, 1.83, 0.45, 1.25, 0.57]
[9, 0.91, 0.57, 1.35, 0.15, 6.36, 0.11, 1.83, 0.45, 1.25, 0.57]
[9, 0.91, 0.57, 1.35, 0.15, 6.36, 0.11, 1.83, 0.45, 1.25, 0.57]
[9, 0.91, 0.57, 1.35, 0.15, 6.36, 0.11, 1.83, 0.45, 1.25, 0.57]
[9, 0.91, 0.57, 1.35, 0.15, 6.36, 0.11, 1.83, 0.45, 1.25, 0.57]
[9, 0.91, 0.57, 1.35, 0.15, 6.36, 0.11, 1.83, 0.45, 1.25, 0.57]
[9, 0.91, 0.57, 1.35, 0.15, 6.36, 0.11, 1.83, 0.45, 1.25, 0.57]
[9, 0.91, 0.57, 1.35, 0.15, 6.36, 0.11, 1.83, 0.45, 1.25, 0.57]
[9, 0.91, 0.608, 1.35, 0.15, 6.36, 0.11, 1.83, 0.45, 1.25, 0.57]
[9, 0.91, 0.608, 1.35, 0.15, 6.36, 0.11, 1.83, 0.45, 1.25, 0.57]
[9, 0.91, 0.608, 1.35, 0.15, 6.36, 0.11, 1.83, 0.45, 1.25, 0.57]
[9, 0.91, 0.608, 1.35, 0.15, 6.36, 0.11, 1.83, 0.45, 1.25, 0.57]
[9, 0.91, 0.608, 1.35, 0.15, 6.36, 0.11, 1.83, 0.45, 1.25, 0.57]
[9, 0.91, 0.608, 1.35, 0.15, 6.36, 0.11, 1.83, 0.45, 1.25, 0.57]
[9, 0.91, 0.608, 1.35, 0.15, 6.36, 0.11, 1.83, 0.45, 1.25, 0.57]
[9, 0.91, 0.608, 1.35, 0.15, 6.36, 0.11, 1.83, 0.45, 1.25, 0.57]
[9, 0.91, 0.608, 1.35, 0.15, 6.36, 0.11, 1.83, 0.45, 1.25, 0.57]
[9, 0.91, 0.608, 1.35, 0.15, 6.36, 0.11, 1.83, 0.45, 1.25, 0.57]
[9, 0.91, 0.608, 1.35, 0.15, 6.36, 0.11, 1.83, 0.45, 1.25, 0.57]
[9, 0.91, 0.608, 1.35, 0.15, 6.36, 0.11, 1.83, 0.45, 1.25, 0.57]
[9, 0.91, 0.608, 1.35, 0.15, 6.36, 0.11, 1.83, 0.45, 1.25, 0.57]
[9, 0.91, 0.608, 1.35, 0.15, 6.36, 0.11, 1.83, 0.45, 1.25, 0.57]
[9, 0.91, 0.608, 1.35, 0.15, 6.36, 0.11, 1.83, 0.45, 1.25, 0.57]
[9, 0.91, 0.608, 1.35, 0.15, 6.36, 0.11, 1.83, 0.45, 1.25, 0.57]
[9, 0.91, 0.646, 1.35, 0.15, 6.36, 0.11, 1.83, 0.45, 1.25, 0.57]
[9, 0.91, 0.646, 1.35, 0.15, 6.36, 0.11, 1.83, 0.45, 1.25, 0.57]
[9, 0.91, 0.646, 1.35, 0.15, 6.36, 0.11, 1.83, 0.45, 1.25, 0.57]
[9, 0.91, 0.646, 1.35, 0.15, 6.36, 0.11, 1.83, 0.45, 1.25, 0.57]
[9, 0.91, 0.646, 1.35, 0.15, 6.36, 0.11, 1.83, 0.45, 1.25, 0.57]
[9, 0.91, 0.646, 1.35, 0.15, 6.36, 0.11, 1.83, 0.45, 1.25, 0.57]
[9, 0.91, 0.646, 1.35, 0.15, 6.36, 0.11, 1.83, 0.45, 1.25, 0.57]
[9, 0.91, 0.646, 1.35, 0.15, 6.36, 0.11, 1.83, 0.45, 1.25, 0.57]
[9, 0.91, 0.646, 1.35, 0.15, 6.36, 0.11, 1.83, 0.45, 1.25, 0.57]
[9, 0.91, 0.646, 1.35, 0.15, 6.36, 0.11, 1.83, 0.45, 1.25, 0.57]
[9, 0.91, 0.646, 1.35, 0.15, 6.36, 0.11, 1.83, 0.45, 1.25, 0.57]
[9, 0.91, 0.646, 1.35, 0.15, 6.36, 0.11, 1.83, 0.45, 1.25, 0.57]
[9, 0.91, 0.646, 1.35, 0.15, 6.36, 0.11, 1.83, 0.45, 1.25, 0.57]
[9, 0.91, 0.646, 1.35, 0.15, 6.36, 0.11, 1.83, 0.45, 1.25, 0.57]
[9, 0.91, 0.646, 1.35, 0.15, 6.36, 0.11, 1.83, 0.45, 1.25, 0.57]
[9, 0.91, 0.646, 1.35, 0.15, 6.36, 0.11, 1.83, 0.45, 1.25, 0.57]
[9, 0.91, 0.684, 1.35, 0.15, 6.36, 0.11, 1.83, 0.45, 1.25, 0.57]
[9, 0.91, 0.684, 1.35, 0.15, 6.36, 0.11, 1.83, 0.45, 1.25, 0.57]
[9, 0.91, 0.684, 1.35, 0.15, 6.36, 0.11, 1.83, 0.45, 1.25, 0.57]
[9, 0.91, 0.684, 1.35, 0.15, 6.36, 0.11, 1.83, 0.45, 1.25, 0.57]
[9, 0.91, 0.684, 1.35, 0.15, 6.36, 0.11, 1.83, 0.45, 1.25, 0.57]
[9, 0.91, 0.684, 1.35, 0.15, 6.36, 0.11, 1.83, 0.45, 1.25, 0.57]
[9, 0.91, 0.684, 1.35, 0.15, 6.36, 0.11, 1.83, 0.45, 1.25, 0.57]
[9, 0.91, 0.684, 1.35, 0.15, 6.36, 0.11, 1.83, 0.45, 1.25, 0.57]
[9, 0.91, 0.684, 1.35, 0.15, 6.36, 0.11, 1.83, 0.45, 1.25, 0.57]
[9, 0.91, 0.684, 1.35, 0.15, 6.36, 0.11, 1.83, 0.45, 1.25, 0.57]
[9, 0.91, 0.684, 1.35, 0.15, 6.36, 0.11, 1.83, 0.45, 1.25, 0.57]
[9, 0.91, 0.684, 1.35, 0.15, 6.36, 0.11, 1.83, 0.45, 1.25, 0.57]
[9, 0.91, 0.684, 1.35, 0.15, 6.36, 0.11, 1.83, 0.45, 1.25, 0.57]
[9, 0.91, 0.684, 1.35, 0.15, 6.36, 0.11, 1.83, 0.45, 1.25, 0.57]
[9, 0.91, 0.684, 1.35, 0.15, 6.36, 0.11, 1.83, 0.45, 1.25, 0.57]
[9, 0.91, 0.684, 1.35, 0.15, 6.36, 0.11, 1.83, 0.45, 1.25, 0.57]
[9, 0.91, 0.722, 1.35, 0.15, 6.36, 0.11, 1.83, 0.45, 1.25, 0.57]
[9, 0.91, 0.722, 1.35, 0.15, 6.36, 0.11, 1.83, 0.45, 1.25, 0.57]
[9, 0.91, 0.722, 1.35, 0.15, 6.36, 0.11, 1.83, 0.45, 1.25, 0.57]
[9, 0.91, 0.722, 1.35, 0.15, 6.36, 0.11, 1.83, 0.45, 1.25, 0.57]
[9, 0.91, 0.722, 1.35, 0.15, 6.36, 0.11, 1.83, 0.45, 1.25, 0.57]
[9, 0.91, 0.722, 1.35, 0.15, 6.36, 0.11, 1.83, 0.45, 1.25, 0.57]
[9, 0.91, 0.722, 1.35, 0.15, 6.36, 0.11, 1.83, 0.45, 1.25, 0.57]
[9, 0.91, 0.722, 1.35, 0.15, 6.36, 0.11, 1.83, 0.45, 1.25, 0.57]
[9, 0.91, 0.722, 1.35, 0.15, 6.36, 0.11, 1.83, 0.45, 1.25, 0.57]
[9, 0.91, 0.722, 1.35, 0.15, 6.36, 0.11, 1.83, 0.45, 1.25, 0.57]
[9, 0.91, 0.722, 1.35, 0.15, 6.36, 0.11, 1.83, 0.45, 1.25, 0.57]
[9, 0.91, 0.722, 1.35, 0.15, 6.36, 0.11, 1.83, 0.45, 1.25, 0.57]
[9, 0.91, 0.722, 1.35, 0.15, 6.36, 0.11, 1.83, 0.45, 1.25, 0.57]
[9, 0.91, 0.722, 1.35, 0.15, 6.36, 0.11, 1.83, 0.45, 1.25, 0.57]
[9, 0.91, 0.722, 1.35, 0.15, 6.36, 0.11, 1.83, 0.45, 1.25, 0.57]
[9, 0.91, 0.722, 1.35, 0.15, 6.36, 0.11, 1.83, 0.45, 1.25, 0.57]
[9, 0.91, 0.798, 1.35, 0.15, 6.36, 0.11, 1.83, 0.45, 1.25, 0.57]
[9, 0.91, 0.798, 1.35, 0.15, 6.36, 0.11, 1.83, 0.45, 1.25, 0.57]
[9, 0.91, 0.798, 1.35, 0.15, 6.36, 0.11, 1.83, 0.45, 1.25, 0.57]
[9, 0.91, 0.798, 1.35, 0.15, 6.36, 0.11, 1.83, 0.45, 1.25, 0.57]
[9, 0.91, 0.798, 1.35, 0.15, 6.36, 0.11, 1.83, 0.45, 1.25, 0.57]
[9, 0.91, 0.798, 1.35, 0.15, 6.36, 0.11, 1.83, 0.45, 1.25, 0.57]
[9, 0.91, 0.798, 1.35, 0.15, 6.36, 0.11, 1.83, 0.45, 1.25, 0.57]
[9, 0.91, 0.798, 1.35, 0.15, 6.36, 0.11, 1.83, 0.45, 1.25, 0.57]
[9, 0.91, 0.798, 1.35, 0.15, 6.36, 0.11, 1.83, 0.45, 1.25, 0.57]
[9, 0.91, 0.798, 1.35, 0.15, 6.36, 0.11, 1.83, 0.45, 1.25, 0.57]
[9, 0.91, 0.798, 1.35, 0.15, 6.36, 0.11, 1.83, 0.45, 1.25, 0.57]
[9, 0.91, 0.798, 1.35, 0.15, 6.36, 0.11, 1.83, 0.45, 1.25, 0.57]
[9, 0.91, 0.798, 1.35, 0.15, 6.36, 0.11, 1.83, 0.45, 1.25, 0.57]
[9, 0.91, 0.798, 1.35, 0.15, 6.36, 0.11, 1.83, 0.45, 1.25, 0.57]
[9, 0.91, 0.798, 1.35, 0.15, 6.36, 0.11, 1.83, 0.45, 1.25, 0.57]
[9, 0.91, 0.798, 1.35, 0.15, 6.36, 0.11, 1.83, 0.45, 1.25, 0.57]
[9, 0.91, 0.836, 1.35, 0.15, 6.36, 0.11, 1.83, 0.45, 1.25, 0.57]
[9, 0.91, 0.836, 1.35, 0.15, 6.36, 0.11, 1.83, 0.45, 1.25, 0.57]
[9, 0.91, 0.836, 1.35, 0.15, 6.36, 0.11, 1.83, 0.45, 1.25, 0.57]
[9, 0.91, 0.836, 1.35, 0.15, 6.36, 0.11, 1.83, 0.45, 1.25, 0.57]
[9, 0.91, 0.836, 1.35, 0.15, 6.36, 0.11, 1.83, 0.45, 1.25, 0.57]
[9, 0.91, 0.836, 1.35, 0.15, 6.36, 0.11, 1.83, 0.45, 1.25, 0.57]
[9, 0.91, 0.836, 1.35, 0.15, 6.36, 0.11, 1.83, 0.45, 1.25, 0.57]
[9, 0.91, 0.836, 1.35, 0.15, 6.36, 0.11, 1.83, 0.45, 1.25, 0.57]
[9, 0.91, 0.836, 1.35, 0.15, 6.36, 0.11, 1.83, 0.45, 1.25, 0.57]
[9, 0.91, 0.836, 1.35, 0.15, 6.36, 0.11, 1.83, 0.45, 1.25, 0.57]
[9, 0.91, 0.836, 1.35, 0.15, 6.36, 0.11, 1.83, 0.45, 1.25, 0.57]
[9, 0.91, 0.836, 1.35, 0.15, 6.36, 0.11, 1.83, 0.45, 1.25, 0.57]
[9, 0.91, 0.836, 1.35, 0.15, 6.36, 0.11, 1.83, 0.45, 1.25, 0.57]
[9, 0.91, 0.836, 1.35, 0.15, 6.36, 0.11, 1.83, 0.45, 1.25, 0.57]
[9, 0.91, 0.836, 1.35, 0.15, 6.36, 0.11, 1.83, 0.45, 1.25, 0.57]
[9, 0.91, 0.836, 1.35, 0.15, 6.36, 0.11, 1.83, 0.45, 1.25, 0.57]
[9, 0.91, 0.874, 1.35, 0.15, 6.36, 0.11, 1.83, 0.45, 1.25, 0.57]
[9, 0.91, 0.874, 1.35, 0.15, 6.36, 0.11, 1.83, 0.45, 1.25, 0.57]
[9, 0.91, 0.874, 1.35, 0.15, 6.36, 0.11, 1.83, 0.45, 1.25, 0.57]
[9, 0.91, 0.874, 1.35, 0.15, 6.36, 0.11, 1.83, 0.45, 1.25, 0.57]
[9, 0.91, 0.874, 1.35, 0.15, 6.36, 0.11, 1.83, 0.45, 1.25, 0.57]
[9, 0.91, 0.874, 1.35, 0.15, 6.36, 0.11, 1.83, 0.45, 1.25, 0.57]
[9, 0.91, 0.874, 1.35, 0.15, 6.36, 0.11, 1.83, 0.45, 1.25, 0.57]
[9, 0.91, 0.874, 1.35, 0.15, 6.36, 0.11, 1.83, 0.45, 1.25, 0.57]
[9, 0.91, 0.874, 1.35, 0.15, 6.36, 0.11, 1.83, 0.45, 1.25, 0.57]
[9, 0.91, 0.874, 1.35, 0.15, 6.36, 0.11, 1.83, 0.45, 1.25, 0.57]
[9, 0.91, 0.874, 1.35, 0.15, 6.36, 0.11, 1.83, 0.45, 1.25, 0.57]
[9, 0.91, 0.874, 1.35, 0.15, 6.36, 0.11, 1.83, 0.45, 1.25, 0.57]
[9, 0.91, 0.874, 1.35, 0.15, 6.36, 0.11, 1.83, 0.45, 1.25, 0.57]
[9, 0.91, 0.874, 1.35, 0.15, 6.36, 0.11, 1.83, 0.45, 1.25, 0.57]
[9, 0.91, 0.874, 1.35, 0.15, 6.36, 0.11, 1.83, 0.45, 1.25, 0.57]
[9, 0.91, 0.874, 1.35, 0.15, 6.36, 0.11, 1.83, 0.45, 1.25, 0.57]
[9, 0.91, 0.912, 1.35, 0.15, 6.36, 0.11, 1.83, 0.45, 1.25, 0.57]
[9, 0.91, 0.912, 1.35, 0.15, 6.36, 0.11, 1.83, 0.45, 1.25, 0.57]
[9, 0.91, 0.912, 1.35, 0.15, 6.36, 0.11, 1.83, 0.45, 1.25, 0.57]
[9, 0.91, 0.912, 1.35, 0.15, 6.36, 0.11, 1.83, 0.45, 1.25, 0.57]
[9, 0.91, 0.912, 1.35, 0.15, 6.36, 0.11, 1.83, 0.45, 1.25, 0.57]
[9, 0.91, 0.912, 1.35, 0.15, 6.36, 0.11, 1.83, 0.45, 1.25, 0.57]
[9, 0.91, 0.912, 1.35, 0.15, 6.36, 0.11, 1.83, 0.45, 1.25, 0.57]
[9, 0.91, 0.912, 1.35, 0.15, 6.36, 0.11, 1.83, 0.45, 1.25, 0.57]
[9, 0.91, 0.912, 1.35, 0.15, 6.36, 0.11, 1.83, 0.45, 1.25, 0.57]
[9, 0.91, 0.912, 1.35, 0.15, 6.36, 0.11, 1.83, 0.45, 1.25, 0.57]
[9, 0.91, 0.912, 1.35, 0.15, 6.36, 0.11, 1.83, 0.45, 1.25, 0.57]
[9, 0.91, 0.912, 1.35, 0.15, 6.36, 0.11, 1.83, 0.45, 1.25, 0.57]
[9, 0.91, 0.912, 1.35, 0.15, 6.36, 0.11, 1.83, 0.45, 1.25, 0.57]
[9, 0.91, 0.912, 1.35, 0.15, 6.36, 0.11, 1.83, 0.45, 1.25, 0.57]
[9, 0.91, 0.912, 1.35, 0.15, 6.36, 0.11, 1.83, 0.45, 1.25, 0.57]
[9, 0.91, 0.912, 1.35, 0.15, 6.36, 0.11, 1.83, 0.45, 1.25, 0.57]
[9, 0.91, 0.95, 1.35, 0.15, 6.36, 0.11, 1.83, 0.45, 1.25, 0.57]
[9, 0.91, 0.95, 1.35, 0.15, 6.36, 0.11, 1.83, 0.45, 1.25, 0.57]
[9, 0.91, 0.95, 1.35, 0.15, 6.36, 0.11, 1.83, 0.45, 1.25, 0.57]
[9, 0.91, 0.95, 1.35, 0.15, 6.36, 0.11, 1.83, 0.45, 1.25, 0.57]
[9, 0.91, 0.95, 1.35, 0.15, 6.36, 0.11, 1.83, 0.45, 1.25, 0.57]
[9, 0.91, 0.95, 1.35, 0.15, 6.36, 0.11, 1.83, 0.45, 1.25, 0.57]
[9, 0.91, 0.95, 1.35, 0.15, 6.36, 0.11, 1.83, 0.45, 1.25, 0.57]
[9, 0.91, 0.95, 1.35, 0.15, 6.36, 0.11, 1.83, 0.45, 1.25, 0.57]
[9, 0.91, 0.95, 1.35, 0.15, 6.36, 0.11, 1.83, 0.45, 1.25, 0.57]
[9, 0.91, 0.95, 1.35, 0.15, 6.36, 0.11, 1.83, 0.45, 1.25, 0.57]
[9, 0.91, 0.95, 1.35, 0.15, 6.36, 0.11, 1.83, 0.45, 1.25, 0.57]
[9, 0.91, 0.95, 1.35, 0.15, 6.36, 0.11, 1.83, 0.45, 1.25, 0.57]
[9, 0.91, 0.95, 1.35, 0.15, 6.36, 0.11, 1.83, 0.45, 1.25, 0.57]
[9, 0.91, 0.95, 1.35, 0.15, 6.36, 0.11, 1.83, 0.45, 1.25, 0.57]
[9, 0.91, 0.95, 1.35, 0.15, 6.36, 0.11, 1.83, 0.45, 1.25, 0.57]
[9, 0.91, 0.95, 1.35, 0.15, 6.36, 0.11, 1.83, 0.45, 1.25, 0.57]
[9, 0.91, 0.76, 1.013, 0.15, 6.36, 0.11, 1.83, 0.45, 1.25, 0.57]
[9, 0.91, 0.76, 1.013, 0.15, 6.36, 0.11, 1.83, 0.45, 1.25, 0.57]
[9, 0.91, 0.76, 1.013, 0.15, 6.36, 0.11, 1.83, 0.45, 1.25, 0.57]
[9, 0.91, 0.76, 1.013, 0.15, 6.36, 0.11, 1.83, 0.45, 1.25, 0.57]
[9, 0.91, 0.76, 1.013, 0.15, 6.36, 0.11, 1.83, 0.45, 1.25, 0.57]
[9, 0.91, 0.76, 1.013, 0.15, 6.36, 0.11, 1.83, 0.45, 1.25, 0.57]
[9, 0.91, 0.76, 1.013, 0.15, 6.36, 0.11, 1.83, 0.45, 1.25, 0.57]
[9, 0.91, 0.76, 1.013, 0.15, 6.36, 0.11, 1.83, 0.45, 1.25, 0.57]
[9, 0.91, 0.76, 1.013, 0.15, 6.36, 0.11, 1.83, 0.45, 1.25, 0.57]
[9, 0.91, 0.76, 1.013, 0.15, 6.36, 0.11, 1.83, 0.45, 1.25, 0.57]
[9, 0.91, 0.76, 1.013, 0.15, 6.36, 0.11, 1.83, 0.45, 1.25, 0.57]
[9, 0.91, 0.76, 1.013, 0.15, 6.36, 0.11, 1.83, 0.45, 1.25, 0.57]
[9, 0.91, 0.76, 1.013, 0.15, 6.36, 0.11, 1.83, 0.45, 1.25, 0.57]
[9, 0.91, 0.76, 1.013, 0.15, 6.36, 0.11, 1.83, 0.45, 1.25, 0.57]
[9, 0.91, 0.76, 1.013, 0.15, 6.36, 0.11, 1.83, 0.45, 1.25, 0.57]
[9, 0.91, 0.76, 1.013, 0.15, 6.36, 0.11, 1.83, 0.45, 1.25, 0.57]
[9, 0.91, 0.76, 1.08, 0.15, 6.36, 0.11, 1.83, 0.45, 1.25, 0.57]
[9, 0.91, 0.76, 1.08, 0.15, 6.36, 0.11, 1.83, 0.45, 1.25, 0.57]
[9, 0.91, 0.76, 1.08, 0.15, 6.36, 0.11, 1.83, 0.45, 1.25, 0.57]
[9, 0.91, 0.76, 1.08, 0.15, 6.36, 0.11, 1.83, 0.45, 1.25, 0.57]
[9, 0.91, 0.76, 1.08, 0.15, 6.36, 0.11, 1.83, 0.45, 1.25, 0.57]
[9, 0.91, 0.76, 1.08, 0.15, 6.36, 0.11, 1.83, 0.45, 1.25, 0.57]
[9, 0.91, 0.76, 1.08, 0.15, 6.36, 0.11, 1.83, 0.45, 1.25, 0.57]
[9, 0.91, 0.76, 1.08, 0.15, 6.36, 0.11, 1.83, 0.45, 1.25, 0.57]
[9, 0.91, 0.76, 1.08, 0.15, 6.36, 0.11, 1.83, 0.45, 1.25, 0.57]
[9, 0.91, 0.76, 1.08, 0.15, 6.36, 0.11, 1.83, 0.45, 1.25, 0.57]
[9, 0.91, 0.76, 1.08, 0.15, 6.36, 0.11, 1.83, 0.45, 1.25, 0.57]
[9, 0.91, 0.76, 1.08, 0.15, 6.36, 0.11, 1.83, 0.45, 1.25, 0.57]
[9, 0.91, 0.76, 1.08, 0.15, 6.36, 0.11, 1.83, 0.45, 1.25, 0.57]
[9, 0.91, 0.76, 1.08, 0.15, 6.36, 0.11, 1.83, 0.45, 1.25, 0.57]
[9, 0.91, 0.76, 1.08, 0.15, 6.36, 0.11, 1.83, 0.45, 1.25, 0.57]
[9, 0.91, 0.76, 1.08, 0.15, 6.36, 0.11, 1.83, 0.45, 1.25, 0.57]
[9, 0.91, 0.76, 1.147, 0.15, 6.36, 0.11, 1.83, 0.45, 1.25, 0.57]
[9, 0.91, 0.76, 1.147, 0.15, 6.36, 0.11, 1.83, 0.45, 1.25, 0.57]
[9, 0.91, 0.76, 1.147, 0.15, 6.36, 0.11, 1.83, 0.45, 1.25, 0.57]
[9, 0.91, 0.76, 1.147, 0.15, 6.36, 0.11, 1.83, 0.45, 1.25, 0.57]
[9, 0.91, 0.76, 1.147, 0.15, 6.36, 0.11, 1.83, 0.45, 1.25, 0.57]
[9, 0.91, 0.76, 1.147, 0.15, 6.36, 0.11, 1.83, 0.45, 1.25, 0.57]
[9, 0.91, 0.76, 1.147, 0.15, 6.36, 0.11, 1.83, 0.45, 1.25, 0.57]
[9, 0.91, 0.76, 1.147, 0.15, 6.36, 0.11, 1.83, 0.45, 1.25, 0.57]
[9, 0.91, 0.76, 1.147, 0.15, 6.36, 0.11, 1.83, 0.45, 1.25, 0.57]
[9, 0.91, 0.76, 1.147, 0.15, 6.36, 0.11, 1.83, 0.45, 1.25, 0.57]
[9, 0.91, 0.76, 1.147, 0.15, 6.36, 0.11, 1.83, 0.45, 1.25, 0.57]
[9, 0.91, 0.76, 1.147, 0.15, 6.36, 0.11, 1.83, 0.45, 1.25, 0.57]
[9, 0.91, 0.76, 1.147, 0.15, 6.36, 0.11, 1.83, 0.45, 1.25, 0.57]
[9, 0.91, 0.76, 1.147, 0.15, 6.36, 0.11, 1.83, 0.45, 1.25, 0.57]
[9, 0.91, 0.76, 1.147, 0.15, 6.36, 0.11, 1.83, 0.45, 1.25, 0.57]
[9, 0.91, 0.76, 1.147, 0.15, 6.36, 0.11, 1.83, 0.45, 1.25, 0.57]
[9, 0.91, 0.76, 1.215, 0.15, 6.36, 0.11, 1.83, 0.45, 1.25, 0.57]
[9, 0.91, 0.76, 1.215, 0.15, 6.36, 0.11, 1.83, 0.45, 1.25, 0.57]
[9, 0.91, 0.76, 1.215, 0.15, 6.36, 0.11, 1.83, 0.45, 1.25, 0.57]
[9, 0.91, 0.76, 1.215, 0.15, 6.36, 0.11, 1.83, 0.45, 1.25, 0.57]
[9, 0.91, 0.76, 1.215, 0.15, 6.36, 0.11, 1.83, 0.45, 1.25, 0.57]
[9, 0.91, 0.76, 1.215, 0.15, 6.36, 0.11, 1.83, 0.45, 1.25, 0.57]
[9, 0.91, 0.76, 1.215, 0.15, 6.36, 0.11, 1.83, 0.45, 1.25, 0.57]
[9, 0.91, 0.76, 1.215, 0.15, 6.36, 0.11, 1.83, 0.45, 1.25, 0.57]
[9, 0.91, 0.76, 1.215, 0.15, 6.36, 0.11, 1.83, 0.45, 1.25, 0.57]
[9, 0.91, 0.76, 1.215, 0.15, 6.36, 0.11, 1.83, 0.45, 1.25, 0.57]
[9, 0.91, 0.76, 1.215, 0.15, 6.36, 0.11, 1.83, 0.45, 1.25, 0.57]
[9, 0.91, 0.76, 1.215, 0.15, 6.36, 0.11, 1.83, 0.45, 1.25, 0.57]
[9, 0.91, 0.76, 1.215, 0.15, 6.36, 0.11, 1.83, 0.45, 1.25, 0.57]
[9, 0.91, 0.76, 1.215, 0.15, 6.36, 0.11, 1.83, 0.45, 1.25, 0.57]
[9, 0.91, 0.76, 1.215, 0.15, 6.36, 0.11, 1.83, 0.45, 1.25, 0.57]
[9, 0.91, 0.76, 1.215, 0.15, 6.36, 0.11, 1.83, 0.45, 1.25, 0.57]
[9, 0.91, 0.76, 1.283, 0.15, 6.36, 0.11, 1.83, 0.45, 1.25, 0.57]
[9, 0.91, 0.76, 1.283, 0.15, 6.36, 0.11, 1.83, 0.45, 1.25, 0.57]
[9, 0.91, 0.76, 1.283, 0.15, 6.36, 0.11, 1.83, 0.45, 1.25, 0.57]
[9, 0.91, 0.76, 1.283, 0.15, 6.36, 0.11, 1.83, 0.45, 1.25, 0.57]
[9, 0.91, 0.76, 1.283, 0.15, 6.36, 0.11, 1.83, 0.45, 1.25, 0.57]
[9, 0.91, 0.76, 1.283, 0.15, 6.36, 0.11, 1.83, 0.45, 1.25, 0.57]
[9, 0.91, 0.76, 1.283, 0.15, 6.36, 0.11, 1.83, 0.45, 1.25, 0.57]
[9, 0.91, 0.76, 1.283, 0.15, 6.36, 0.11, 1.83, 0.45, 1.25, 0.57]
[9, 0.91, 0.76, 1.283, 0.15, 6.36, 0.11, 1.83, 0.45, 1.25, 0.57]
[9, 0.91, 0.76, 1.283, 0.15, 6.36, 0.11, 1.83, 0.45, 1.25, 0.57]
[9, 0.91, 0.76, 1.283, 0.15, 6.36, 0.11, 1.83, 0.45, 1.25, 0.57]
[9, 0.91, 0.76, 1.283, 0.15, 6.36, 0.11, 1.83, 0.45, 1.25, 0.57]
[9, 0.91, 0.76, 1.283, 0.15, 6.36, 0.11, 1.83, 0.45, 1.25, 0.57]
[9, 0.91, 0.76, 1.283, 0.15, 6.36, 0.11, 1.83, 0.45, 1.25, 0.57]
[9, 0.91, 0.76, 1.283, 0.15, 6.36, 0.11, 1.83, 0.45, 1.25, 0.57]
[9, 0.91, 0.76, 1.283, 0.15, 6.36, 0.11, 1.83, 0.45, 1.25, 0.57]
[9, 0.91, 0.76, 1.417, 0.15, 6.36, 0.11, 1.83, 0.45, 1.25, 0.57]
[9, 0.91, 0.76, 1.417, 0.15, 6.36, 0.11, 1.83, 0.45, 1.25, 0.57]
[9, 0.91, 0.76, 1.417, 0.15, 6.36, 0.11, 1.83, 0.45, 1.25, 0.57]
[9, 0.91, 0.76, 1.417, 0.15, 6.36, 0.11, 1.83, 0.45, 1.25, 0.57]
[9, 0.91, 0.76, 1.417, 0.15, 6.36, 0.11, 1.83, 0.45, 1.25, 0.57]
[9, 0.91, 0.76, 1.417, 0.15, 6.36, 0.11, 1.83, 0.45, 1.25, 0.57]
[9, 0.91, 0.76, 1.417, 0.15, 6.36, 0.11, 1.83, 0.45, 1.25, 0.57]
[9, 0.91, 0.76, 1.417, 0.15, 6.36, 0.11, 1.83, 0.45, 1.25, 0.57]
[9, 0.91, 0.76, 1.417, 0.15, 6.36, 0.11, 1.83, 0.45, 1.25, 0.57]
[9, 0.91, 0.76, 1.417, 0.15, 6.36, 0.11, 1.83, 0.45, 1.25, 0.57]
[9, 0.91, 0.76, 1.417, 0.15, 6.36, 0.11, 1.83, 0.45, 1.25, 0.57]
[9, 0.91, 0.76, 1.417, 0.15, 6.36, 0.11, 1.83, 0.45, 1.25, 0.57]
[9, 0.91, 0.76, 1.417, 0.15, 6.36, 0.11, 1.83, 0.45, 1.25, 0.57]
[9, 0.91, 0.76, 1.417, 0.15, 6.36, 0.11, 1.83, 0.45, 1.25, 0.57]
[9, 0.91, 0.76, 1.417, 0.15, 6.36, 0.11, 1.83, 0.45, 1.25, 0.57]
[9, 0.91, 0.76, 1.417, 0.15, 6.36, 0.11, 1.83, 0.45, 1.25, 0.57]
[9, 0.91, 0.76, 1.485, 0.15, 6.36, 0.11, 1.83, 0.45, 1.25, 0.57]
[9, 0.91, 0.76, 1.485, 0.15, 6.36, 0.11, 1.83, 0.45, 1.25, 0.57]
[9, 0.91, 0.76, 1.485, 0.15, 6.36, 0.11, 1.83, 0.45, 1.25, 0.57]
[9, 0.91, 0.76, 1.485, 0.15, 6.36, 0.11, 1.83, 0.45, 1.25, 0.57]
[9, 0.91, 0.76, 1.485, 0.15, 6.36, 0.11, 1.83, 0.45, 1.25, 0.57]
[9, 0.91, 0.76, 1.485, 0.15, 6.36, 0.11, 1.83, 0.45, 1.25, 0.57]
[9, 0.91, 0.76, 1.485, 0.15, 6.36, 0.11, 1.83, 0.45, 1.25, 0.57]
[9, 0.91, 0.76, 1.485, 0.15, 6.36, 0.11, 1.83, 0.45, 1.25, 0.57]
[9, 0.91, 0.76, 1.485, 0.15, 6.36, 0.11, 1.83, 0.45, 1.25, 0.57]
[9, 0.91, 0.76, 1.485, 0.15, 6.36, 0.11, 1.83, 0.45, 1.25, 0.57]
[9, 0.91, 0.76, 1.485, 0.15, 6.36, 0.11, 1.83, 0.45, 1.25, 0.57]
[9, 0.91, 0.76, 1.485, 0.15, 6.36, 0.11, 1.83, 0.45, 1.25, 0.57]
[9, 0.91, 0.76, 1.485, 0.15, 6.36, 0.11, 1.83, 0.45, 1.25, 0.57]
[9, 0.91, 0.76, 1.485, 0.15, 6.36, 0.11, 1.83, 0.45, 1.25, 0.57]
[9, 0.91, 0.76, 1.485, 0.15, 6.36, 0.11, 1.83, 0.45, 1.25, 0.57]
[9, 0.91, 0.76, 1.485, 0.15, 6.36, 0.11, 1.83, 0.45, 1.25, 0.57]
[9, 0.91, 0.76, 1.553, 0.15, 6.36, 0.11, 1.83, 0.45, 1.25, 0.57]
[9, 0.91, 0.76, 1.553, 0.15, 6.36, 0.11, 1.83, 0.45, 1.25, 0.57]
[9, 0.91, 0.76, 1.553, 0.15, 6.36, 0.11, 1.83, 0.45, 1.25, 0.57]
[9, 0.91, 0.76, 1.553, 0.15, 6.36, 0.11, 1.83, 0.45, 1.25, 0.57]
[9, 0.91, 0.76, 1.553, 0.15, 6.36, 0.11, 1.83, 0.45, 1.25, 0.57]
[9, 0.91, 0.76, 1.553, 0.15, 6.36, 0.11, 1.83, 0.45, 1.25, 0.57]
[9, 0.91, 0.76, 1.553, 0.15, 6.36, 0.11, 1.83, 0.45, 1.25, 0.57]
[9, 0.91, 0.76, 1.553, 0.15, 6.36, 0.11, 1.83, 0.45, 1.25, 0.57]
[9, 0.91, 0.76, 1.553, 0.15, 6.36, 0.11, 1.83, 0.45, 1.25, 0.57]
[9, 0.91, 0.76, 1.553, 0.15, 6.36, 0.11, 1.83, 0.45, 1.25, 0.57]
[9, 0.91, 0.76, 1.553, 0.15, 6.36, 0.11, 1.83, 0.45, 1.25, 0.57]
[9, 0.91, 0.76, 1.553, 0.15, 6.36, 0.11, 1.83, 0.45, 1.25, 0.57]
[9, 0.91, 0.76, 1.553, 0.15, 6.36, 0.11, 1.83, 0.45, 1.25, 0.57]
[9, 0.91, 0.76, 1.553, 0.15, 6.36, 0.11, 1.83, 0.45, 1.25, 0.57]
[9, 0.91, 0.76, 1.553, 0.15, 6.36, 0.11, 1.83, 0.45, 1.25, 0.57]
[9, 0.91, 0.76, 1.553, 0.15, 6.36, 0.11, 1.83, 0.45, 1.25, 0.57]
[9, 0.91, 0.76, 1.35, 0.112, 6.36, 0.11, 1.83, 0.45, 1.25, 0.57]
[9, 0.91, 0.76, 1.35, 0.112, 6.36, 0.11, 1.83, 0.45, 1.25, 0.57]
[9, 0.91, 0.76, 1.35, 0.112, 6.36, 0.11, 1.83, 0.45, 1.25, 0.57]
[9, 0.91, 0.76, 1.35, 0.112, 6.36, 0.11, 1.83, 0.45, 1.25, 0.57]
[9, 0.91, 0.76, 1.35, 0.112, 6.36, 0.11, 1.83, 0.45, 1.25, 0.57]
[9, 0.91, 0.76, 1.35, 0.112, 6.36, 0.11, 1.83, 0.45, 1.25, 0.57]
[9, 0.91, 0.76, 1.35, 0.112, 6.36, 0.11, 1.83, 0.45, 1.25, 0.57]
[9, 0.91, 0.76, 1.35, 0.112, 6.36, 0.11, 1.83, 0.45, 1.25, 0.57]
[9, 0.91, 0.76, 1.35, 0.112, 6.36, 0.11, 1.83, 0.45, 1.25, 0.57]
[9, 0.91, 0.76, 1.35, 0.112, 6.36, 0.11, 1.83, 0.45, 1.25, 0.57]
[9, 0.91, 0.76, 1.35, 0.112, 6.36, 0.11, 1.83, 0.45, 1.25, 0.57]
[9, 0.91, 0.76, 1.35, 0.112, 6.36, 0.11, 1.83, 0.45, 1.25, 0.57]
[9, 0.91, 0.76, 1.35, 0.112, 6.36, 0.11, 1.83, 0.45, 1.25, 0.57]
[9, 0.91, 0.76, 1.35, 0.112, 6.36, 0.11, 1.83, 0.45, 1.25, 0.57]
[9, 0.91, 0.76, 1.35, 0.112, 6.36, 0.11, 1.83, 0.45, 1.25, 0.57]
[9, 0.91, 0.76, 1.35, 0.112, 6.36, 0.11, 1.83, 0.45, 1.25, 0.57]
[9, 0.91, 0.76, 1.35, 0.12, 6.36, 0.11, 1.83, 0.45, 1.25, 0.57]
[9, 0.91, 0.76, 1.35, 0.12, 6.36, 0.11, 1.83, 0.45, 1.25, 0.57]
[9, 0.91, 0.76, 1.35, 0.12, 6.36, 0.11, 1.83, 0.45, 1.25, 0.57]
[9, 0.91, 0.76, 1.35, 0.12, 6.36, 0.11, 1.83, 0.45, 1.25, 0.57]
[9, 0.91, 0.76, 1.35, 0.12, 6.36, 0.11, 1.83, 0.45, 1.25, 0.57]
[9, 0.91, 0.76, 1.35, 0.12, 6.36, 0.11, 1.83, 0.45, 1.25, 0.57]
[9, 0.91, 0.76, 1.35, 0.12, 6.36, 0.11, 1.83, 0.45, 1.25, 0.57]
[9, 0.91, 0.76, 1.35, 0.12, 6.36, 0.11, 1.83, 0.45, 1.25, 0.57]
[9, 0.91, 0.76, 1.35, 0.12, 6.36, 0.11, 1.83, 0.45, 1.25, 0.57]
[9, 0.91, 0.76, 1.35, 0.12, 6.36, 0.11, 1.83, 0.45, 1.25, 0.57]
[9, 0.91, 0.76, 1.35, 0.12, 6.36, 0.11, 1.83, 0.45, 1.25, 0.57]
[9, 0.91, 0.76, 1.35, 0.12, 6.36, 0.11, 1.83, 0.45, 1.25, 0.57]
[9, 0.91, 0.76, 1.35, 0.12, 6.36, 0.11, 1.83, 0.45, 1.25, 0.57]
[9, 0.91, 0.76, 1.35, 0.12, 6.36, 0.11, 1.83, 0.45, 1.25, 0.57]
[9, 0.91, 0.76, 1.35, 0.12, 6.36, 0.11, 1.83, 0.45, 1.25, 0.57]
[9, 0.91, 0.76, 1.35, 0.12, 6.36, 0.11, 1.83, 0.45, 1.25, 0.57]
[9, 0.91, 0.76, 1.35, 0.128, 6.36, 0.11, 1.83, 0.45, 1.25, 0.57]
[9, 0.91, 0.76, 1.35, 0.128, 6.36, 0.11, 1.83, 0.45, 1.25, 0.57]
[9, 0.91, 0.76, 1.35, 0.128, 6.36, 0.11, 1.83, 0.45, 1.25, 0.57]
[9, 0.91, 0.76, 1.35, 0.128, 6.36, 0.11, 1.83, 0.45, 1.25, 0.57]
[9, 0.91, 0.76, 1.35, 0.128, 6.36, 0.11, 1.83, 0.45, 1.25, 0.57]
[9, 0.91, 0.76, 1.35, 0.128, 6.36, 0.11, 1.83, 0.45, 1.25, 0.57]
[9, 0.91, 0.76, 1.35, 0.128, 6.36, 0.11, 1.83, 0.45, 1.25, 0.57]
[9, 0.91, 0.76, 1.35, 0.128, 6.36, 0.11, 1.83, 0.45, 1.25, 0.57]
[9, 0.91, 0.76, 1.35, 0.128, 6.36, 0.11, 1.83, 0.45, 1.25, 0.57]
[9, 0.91, 0.76, 1.35, 0.128, 6.36, 0.11, 1.83, 0.45, 1.25, 0.57]
[9, 0.91, 0.76, 1.35, 0.128, 6.36, 0.11, 1.83, 0.45, 1.25, 0.57]
[9, 0.91, 0.76, 1.35, 0.128, 6.36, 0.11, 1.83, 0.45, 1.25, 0.57]
[9, 0.91, 0.76, 1.35, 0.128, 6.36, 0.11, 1.83, 0.45, 1.25, 0.57]
[9, 0.91, 0.76, 1.35, 0.128, 6.36, 0.11, 1.83, 0.45, 1.25, 0.57]
[9, 0.91, 0.76, 1.35, 0.128, 6.36, 0.11, 1.83, 0.45, 1.25, 0.57]
[9, 0.91, 0.76, 1.35, 0.128, 6.36, 0.11, 1.83, 0.45, 1.25, 0.57]
[9, 0.91, 0.76, 1.35, 0.135, 6.36, 0.11, 1.83, 0.45, 1.25, 0.57]
[9, 0.91, 0.76, 1.35, 0.135, 6.36, 0.11, 1.83, 0.45, 1.25, 0.57]
[9, 0.91, 0.76, 1.35, 0.135, 6.36, 0.11, 1.83, 0.45, 1.25, 0.57]
[9, 0.91, 0.76, 1.35, 0.135, 6.36, 0.11, 1.83, 0.45, 1.25, 0.57]
[9, 0.91, 0.76, 1.35, 0.135, 6.36, 0.11, 1.83, 0.45, 1.25, 0.57]
[9, 0.91, 0.76, 1.35, 0.135, 6.36, 0.11, 1.83, 0.45, 1.25, 0.57]
[9, 0.91, 0.76, 1.35, 0.135, 6.36, 0.11, 1.83, 0.45, 1.25, 0.57]
[9, 0.91, 0.76, 1.35, 0.135, 6.36, 0.11, 1.83, 0.45, 1.25, 0.57]
[9, 0.91, 0.76, 1.35, 0.135, 6.36, 0.11, 1.83, 0.45, 1.25, 0.57]
[9, 0.91, 0.76, 1.35, 0.135, 6.36, 0.11, 1.83, 0.45, 1.25, 0.57]
[9, 0.91, 0.76, 1.35, 0.135, 6.36, 0.11, 1.83, 0.45, 1.25, 0.57]
[9, 0.91, 0.76, 1.35, 0.135, 6.36, 0.11, 1.83, 0.45, 1.25, 0.57]
[9, 0.91, 0.76, 1.35, 0.135, 6.36, 0.11, 1.83, 0.45, 1.25, 0.57]
[9, 0.91, 0.76, 1.35, 0.135, 6.36, 0.11, 1.83, 0.45, 1.25, 0.57]
[9, 0.91, 0.76, 1.35, 0.135, 6.36, 0.11, 1.83, 0.45, 1.25, 0.57]
[9, 0.91, 0.76, 1.35, 0.135, 6.36, 0.11, 1.83, 0.45, 1.25, 0.57]
[9, 0.91, 0.76, 1.35, 0.142, 6.36, 0.11, 1.83, 0.45, 1.25, 0.57]
[9, 0.91, 0.76, 1.35, 0.142, 6.36, 0.11, 1.83, 0.45, 1.25, 0.57]
[9, 0.91, 0.76, 1.35, 0.142, 6.36, 0.11, 1.83, 0.45, 1.25, 0.57]
[9, 0.91, 0.76, 1.35, 0.142, 6.36, 0.11, 1.83, 0.45, 1.25, 0.57]
[9, 0.91, 0.76, 1.35, 0.142, 6.36, 0.11, 1.83, 0.45, 1.25, 0.57]
[9, 0.91, 0.76, 1.35, 0.142, 6.36, 0.11, 1.83, 0.45, 1.25, 0.57]
[9, 0.91, 0.76, 1.35, 0.142, 6.36, 0.11, 1.83, 0.45, 1.25, 0.57]
[9, 0.91, 0.76, 1.35, 0.142, 6.36, 0.11, 1.83, 0.45, 1.25, 0.57]
[9, 0.91, 0.76, 1.35, 0.142, 6.36, 0.11, 1.83, 0.45, 1.25, 0.57]
[9, 0.91, 0.76, 1.35, 0.142, 6.36, 0.11, 1.83, 0.45, 1.25, 0.57]
[9, 0.91, 0.76, 1.35, 0.142, 6.36, 0.11, 1.83, 0.45, 1.25, 0.57]
[9, 0.91, 0.76, 1.35, 0.142, 6.36, 0.11, 1.83, 0.45, 1.25, 0.57]
[9, 0.91, 0.76, 1.35, 0.142, 6.36, 0.11, 1.83, 0.45, 1.25, 0.57]
[9, 0.91, 0.76, 1.35, 0.142, 6.36, 0.11, 1.83, 0.45, 1.25, 0.57]
[9, 0.91, 0.76, 1.35, 0.142, 6.36, 0.11, 1.83, 0.45, 1.25, 0.57]
[9, 0.91, 0.76, 1.35, 0.142, 6.36, 0.11, 1.83, 0.45, 1.25, 0.57]
[9, 0.91, 0.76, 1.35, 0.158, 6.36, 0.11, 1.83, 0.45, 1.25, 0.57]
[9, 0.91, 0.76, 1.35, 0.158, 6.36, 0.11, 1.83, 0.45, 1.25, 0.57]
[9, 0.91, 0.76, 1.35, 0.158, 6.36, 0.11, 1.83, 0.45, 1.25, 0.57]
[9, 0.91, 0.76, 1.35, 0.158, 6.36, 0.11, 1.83, 0.45, 1.25, 0.57]
[9, 0.91, 0.76, 1.35, 0.158, 6.36, 0.11, 1.83, 0.45, 1.25, 0.57]
[9, 0.91, 0.76, 1.35, 0.158, 6.36, 0.11, 1.83, 0.45, 1.25, 0.57]
[9, 0.91, 0.76, 1.35, 0.158, 6.36, 0.11, 1.83, 0.45, 1.25, 0.57]
[9, 0.91, 0.76, 1.35, 0.158, 6.36, 0.11, 1.83, 0.45, 1.25, 0.57]
[9, 0.91, 0.76, 1.35, 0.158, 6.36, 0.11, 1.83, 0.45, 1.25, 0.57]
[9, 0.91, 0.76, 1.35, 0.158, 6.36, 0.11, 1.83, 0.45, 1.25, 0.57]
[9, 0.91, 0.76, 1.35, 0.158, 6.36, 0.11, 1.83, 0.45, 1.25, 0.57]
[9, 0.91, 0.76, 1.35, 0.158, 6.36, 0.11, 1.83, 0.45, 1.25, 0.57]
[9, 0.91, 0.76, 1.35, 0.158, 6.36, 0.11, 1.83, 0.45, 1.25, 0.57]
[9, 0.91, 0.76, 1.35, 0.158, 6.36, 0.11, 1.83, 0.45, 1.25, 0.57]
[9, 0.91, 0.76, 1.35, 0.158, 6.36, 0.11, 1.83, 0.45, 1.25, 0.57]
[9, 0.91, 0.76, 1.35, 0.158, 6.36, 0.11, 1.83, 0.45, 1.25, 0.57]
[9, 0.91, 0.76, 1.35, 0.165, 6.36, 0.11, 1.83, 0.45, 1.25, 0.57]
[9, 0.91, 0.76, 1.35, 0.165, 6.36, 0.11, 1.83, 0.45, 1.25, 0.57]
[9, 0.91, 0.76, 1.35, 0.165, 6.36, 0.11, 1.83, 0.45, 1.25, 0.57]
[9, 0.91, 0.76, 1.35, 0.165, 6.36, 0.11, 1.83, 0.45, 1.25, 0.57]
[9, 0.91, 0.76, 1.35, 0.165, 6.36, 0.11, 1.83, 0.45, 1.25, 0.57]
[9, 0.91, 0.76, 1.35, 0.165, 6.36, 0.11, 1.83, 0.45, 1.25, 0.57]
[9, 0.91, 0.76, 1.35, 0.165, 6.36, 0.11, 1.83, 0.45, 1.25, 0.57]
[9, 0.91, 0.76, 1.35, 0.165, 6.36, 0.11, 1.83, 0.45, 1.25, 0.57]
[9, 0.91, 0.76, 1.35, 0.165, 6.36, 0.11, 1.83, 0.45, 1.25, 0.57]
[9, 0.91, 0.76, 1.35, 0.165, 6.36, 0.11, 1.83, 0.45, 1.25, 0.57]
[9, 0.91, 0.76, 1.35, 0.165, 6.36, 0.11, 1.83, 0.45, 1.25, 0.57]
[9, 0.91, 0.76, 1.35, 0.165, 6.36, 0.11, 1.83, 0.45, 1.25, 0.57]
[9, 0.91, 0.76, 1.35, 0.165, 6.36, 0.11, 1.83, 0.45, 1.25, 0.57]
[9, 0.91, 0.76, 1.35, 0.165, 6.36, 0.11, 1.83, 0.45, 1.25, 0.57]
[9, 0.91, 0.76, 1.35, 0.165, 6.36, 0.11, 1.83, 0.45, 1.25, 0.57]
[9, 0.91, 0.76, 1.35, 0.165, 6.36, 0.11, 1.83, 0.45, 1.25, 0.57]
[9, 0.91, 0.76, 1.35, 0.172, 6.36, 0.11, 1.83, 0.45, 1.25, 0.57]
[9, 0.91, 0.76, 1.35, 0.172, 6.36, 0.11, 1.83, 0.45, 1.25, 0.57]
[9, 0.91, 0.76, 1.35, 0.172, 6.36, 0.11, 1.83, 0.45, 1.25, 0.57]
[9, 0.91, 0.76, 1.35, 0.172, 6.36, 0.11, 1.83, 0.45, 1.25, 0.57]
[9, 0.91, 0.76, 1.35, 0.172, 6.36, 0.11, 1.83, 0.45, 1.25, 0.57]
[9, 0.91, 0.76, 1.35, 0.172, 6.36, 0.11, 1.83, 0.45, 1.25, 0.57]
[9, 0.91, 0.76, 1.35, 0.172, 6.36, 0.11, 1.83, 0.45, 1.25, 0.57]
[9, 0.91, 0.76, 1.35, 0.172, 6.36, 0.11, 1.83, 0.45, 1.25, 0.57]
[9, 0.91, 0.76, 1.35, 0.172, 6.36, 0.11, 1.83, 0.45, 1.25, 0.57]
[9, 0.91, 0.76, 1.35, 0.172, 6.36, 0.11, 1.83, 0.45, 1.25, 0.57]
[9, 0.91, 0.76, 1.35, 0.172, 6.36, 0.11, 1.83, 0.45, 1.25, 0.57]
[9, 0.91, 0.76, 1.35, 0.172, 6.36, 0.11, 1.83, 0.45, 1.25, 0.57]
[9, 0.91, 0.76, 1.35, 0.172, 6.36, 0.11, 1.83, 0.45, 1.25, 0.57]
[9, 0.91, 0.76, 1.35, 0.172, 6.36, 0.11, 1.83, 0.45, 1.25, 0.57]
[9, 0.91, 0.76, 1.35, 0.172, 6.36, 0.11, 1.83, 0.45, 1.25, 0.57]
[9, 0.91, 0.76, 1.35, 0.172, 6.36, 0.11, 1.83, 0.45, 1.25, 0.57]
[9, 0.91, 0.76, 1.35, 0.18, 6.36, 0.11, 1.83, 0.45, 1.25, 0.57]
[9, 0.91, 0.76, 1.35, 0.18, 6.36, 0.11, 1.83, 0.45, 1.25, 0.57]
[9, 0.91, 0.76, 1.35, 0.18, 6.36, 0.11, 1.83, 0.45, 1.25, 0.57]
[9, 0.91, 0.76, 1.35, 0.18, 6.36, 0.11, 1.83, 0.45, 1.25, 0.57]
[9, 0.91, 0.76, 1.35, 0.18, 6.36, 0.11, 1.83, 0.45, 1.25, 0.57]
[9, 0.91, 0.76, 1.35, 0.18, 6.36, 0.11, 1.83, 0.45, 1.25, 0.57]
[9, 0.91, 0.76, 1.35, 0.18, 6.36, 0.11, 1.83, 0.45, 1.25, 0.57]
[9, 0.91, 0.76, 1.35, 0.18, 6.36, 0.11, 1.83, 0.45, 1.25, 0.57]
[9, 0.91, 0.76, 1.35, 0.18, 6.36, 0.11, 1.83, 0.45, 1.25, 0.57]
[9, 0.91, 0.76, 1.35, 0.18, 6.36, 0.11, 1.83, 0.45, 1.25, 0.57]
[9, 0.91, 0.76, 1.35, 0.18, 6.36, 0.11, 1.83, 0.45, 1.25, 0.57]
[9, 0.91, 0.76, 1.35, 0.18, 6.36, 0.11, 1.83, 0.45, 1.25, 0.57]
[9, 0.91, 0.76, 1.35, 0.18, 6.36, 0.11, 1.83, 0.45, 1.25, 0.57]
[9, 0.91, 0.76, 1.35, 0.18, 6.36, 0.11, 1.83, 0.45, 1.25, 0.57]
[9, 0.91, 0.76, 1.35, 0.18, 6.36, 0.11, 1.83, 0.45, 1.25, 0.57]
[9, 0.91, 0.76, 1.35, 0.18, 6.36, 0.11, 1.83, 0.45, 1.25, 0.57]
[9, 0.91, 0.76, 1.35, 0.188, 6.36, 0.11, 1.83, 0.45, 1.25, 0.57]
[9, 0.91, 0.76, 1.35, 0.188, 6.36, 0.11, 1.83, 0.45, 1.25, 0.57]
[9, 0.91, 0.76, 1.35, 0.188, 6.36, 0.11, 1.83, 0.45, 1.25, 0.57]
[9, 0.91, 0.76, 1.35, 0.188, 6.36, 0.11, 1.83, 0.45, 1.25, 0.57]
[9, 0.91, 0.76, 1.35, 0.188, 6.36, 0.11, 1.83, 0.45, 1.25, 0.57]
[9, 0.91, 0.76, 1.35, 0.188, 6.36, 0.11, 1.83, 0.45, 1.25, 0.57]
[9, 0.91, 0.76, 1.35, 0.188, 6.36, 0.11, 1.83, 0.45, 1.25, 0.57]
[9, 0.91, 0.76, 1.35, 0.188, 6.36, 0.11, 1.83, 0.45, 1.25, 0.57]
[9, 0.91, 0.76, 1.35, 0.188, 6.36, 0.11, 1.83, 0.45, 1.25, 0.57]
[9, 0.91, 0.76, 1.35, 0.188, 6.36, 0.11, 1.83, 0.45, 1.25, 0.57]
[9, 0.91, 0.76, 1.35, 0.188, 6.36, 0.11, 1.83, 0.45, 1.25, 0.57]
[9, 0.91, 0.76, 1.35, 0.188, 6.36, 0.11, 1.83, 0.45, 1.25, 0.57]
[9, 0.91, 0.76, 1.35, 0.188, 6.36, 0.11, 1.83, 0.45, 1.25, 0.57]
[9, 0.91, 0.76, 1.35, 0.188, 6.36, 0.11, 1.83, 0.45, 1.25, 0.57]
[9, 0.91, 0.76, 1.35, 0.188, 6.36, 0.11, 1.83, 0.45, 1.25, 0.57]
[9, 0.91, 0.76, 1.35, 0.188, 6.36, 0.11, 1.83, 0.45, 1.25, 0.57]
[9, 0.91, 0.76, 1.35, 0.15, 6.042, 0.11, 1.83, 0.45, 1.25, 0.57]
[9, 0.91, 0.76, 1.35, 0.15, 6.042, 0.11, 1.83, 0.45, 1.25, 0.57]
[9, 0.91, 0.76, 1.35, 0.15, 6.042, 0.11, 1.83, 0.45, 1.25, 0.57]
[9, 0.91, 0.76, 1.35, 0.15, 6.042, 0.11, 1.83, 0.45, 1.25, 0.57]
[9, 0.91, 0.76, 1.35, 0.15, 6.042, 0.11, 1.83, 0.45, 1.25, 0.57]
[9, 0.91, 0.76, 1.35, 0.15, 6.042, 0.11, 1.83, 0.45, 1.25, 0.57]
[9, 0.91, 0.76, 1.35, 0.15, 6.042, 0.11, 1.83, 0.45, 1.25, 0.57]
[9, 0.91, 0.76, 1.35, 0.15, 6.042, 0.11, 1.83, 0.45, 1.25, 0.57]
[9, 0.91, 0.76, 1.35, 0.15, 6.042, 0.11, 1.83, 0.45, 1.25, 0.57]
[9, 0.91, 0.76, 1.35, 0.15, 6.042, 0.11, 1.83, 0.45, 1.25, 0.57]
[9, 0.91, 0.76, 1.35, 0.15, 6.042, 0.11, 1.83, 0.45, 1.25, 0.57]
[9, 0.91, 0.76, 1.35, 0.15, 6.042, 0.11, 1.83, 0.45, 1.25, 0.57]
[9, 0.91, 0.76, 1.35, 0.15, 6.042, 0.11, 1.83, 0.45, 1.25, 0.57]
[9, 0.91, 0.76, 1.35, 0.15, 6.042, 0.11, 1.83, 0.45, 1.25, 0.57]
[9, 0.91, 0.76, 1.35, 0.15, 6.042, 0.11, 1.83, 0.45, 1.25, 0.57]
[9, 0.91, 0.76, 1.35, 0.15, 6.042, 0.11, 1.83, 0.45, 1.25, 0.57]
[9, 0.91, 0.76, 1.35, 0.15, 6.678, 0.11, 1.83, 0.45, 1.25, 0.57]
[9, 0.91, 0.76, 1.35, 0.15, 6.678, 0.11, 1.83, 0.45, 1.25, 0.57]
[9, 0.91, 0.76, 1.35, 0.15, 6.678, 0.11, 1.83, 0.45, 1.25, 0.57]
[9, 0.91, 0.76, 1.35, 0.15, 6.678, 0.11, 1.83, 0.45, 1.25, 0.57]
[9, 0.91, 0.76, 1.35, 0.15, 6.678, 0.11, 1.83, 0.45, 1.25, 0.57]
[9, 0.91, 0.76, 1.35, 0.15, 6.678, 0.11, 1.83, 0.45, 1.25, 0.57]
[9, 0.91, 0.76, 1.35, 0.15, 6.678, 0.11, 1.83, 0.45, 1.25, 0.57]
[9, 0.91, 0.76, 1.35, 0.15, 6.678, 0.11, 1.83, 0.45, 1.25, 0.57]
[9, 0.91, 0.76, 1.35, 0.15, 6.678, 0.11, 1.83, 0.45, 1.25, 0.57]
[9, 0.91, 0.76, 1.35, 0.15, 6.678, 0.11, 1.83, 0.45, 1.25, 0.57]
[9, 0.91, 0.76, 1.35, 0.15, 6.678, 0.11, 1.83, 0.45, 1.25, 0.57]
[9, 0.91, 0.76, 1.35, 0.15, 6.678, 0.11, 1.83, 0.45, 1.25, 0.57]
[9, 0.91, 0.76, 1.35, 0.15, 6.678, 0.11, 1.83, 0.45, 1.25, 0.57]
[9, 0.91, 0.76, 1.35, 0.15, 6.678, 0.11, 1.83, 0.45, 1.25, 0.57]
[9, 0.91, 0.76, 1.35, 0.15, 6.678, 0.11, 1.83, 0.45, 1.25, 0.57]
[9, 0.91, 0.76, 1.35, 0.15, 6.678, 0.11, 1.83, 0.45, 1.25, 0.57]
[9, 0.91, 0.76, 1.35, 0.15, 6.996, 0.11, 1.83, 0.45, 1.25, 0.57]
[9, 0.91, 0.76, 1.35, 0.15, 6.996, 0.11, 1.83, 0.45, 1.25, 0.57]
[9, 0.91, 0.76, 1.35, 0.15, 6.996, 0.11, 1.83, 0.45, 1.25, 0.57]
[9, 0.91, 0.76, 1.35, 0.15, 6.996, 0.11, 1.83, 0.45, 1.25, 0.57]
[9, 0.91, 0.76, 1.35, 0.15, 6.996, 0.11, 1.83, 0.45, 1.25, 0.57]
[9, 0.91, 0.76, 1.35, 0.15, 6.996, 0.11, 1.83, 0.45, 1.25, 0.57]
[9, 0.91, 0.76, 1.35, 0.15, 6.996, 0.11, 1.83, 0.45, 1.25, 0.57]
[9, 0.91, 0.76, 1.35, 0.15, 6.996, 0.11, 1.83, 0.45, 1.25, 0.57]
[9, 0.91, 0.76, 1.35, 0.15, 6.996, 0.11, 1.83, 0.45, 1.25, 0.57]
[9, 0.91, 0.76, 1.35, 0.15, 6.996, 0.11, 1.83, 0.45, 1.25, 0.57]
[9, 0.91, 0.76, 1.35, 0.15, 6.996, 0.11, 1.83, 0.45, 1.25, 0.57]
[9, 0.91, 0.76, 1.35, 0.15, 6.996, 0.11, 1.83, 0.45, 1.25, 0.57]
[9, 0.91, 0.76, 1.35, 0.15, 6.996, 0.11, 1.83, 0.45, 1.25, 0.57]
[9, 0.91, 0.76, 1.35, 0.15, 6.996, 0.11, 1.83, 0.45, 1.25, 0.57]
[9, 0.91, 0.76, 1.35, 0.15, 6.996, 0.11, 1.83, 0.45, 1.25, 0.57]
[9, 0.91, 0.76, 1.35, 0.15, 6.996, 0.11, 1.83, 0.45, 1.25, 0.57]
[9, 0.91, 0.76, 1.35, 0.15, 7.314, 0.11, 1.83, 0.45, 1.25, 0.57]
[9, 0.91, 0.76, 1.35, 0.15, 7.314, 0.11, 1.83, 0.45, 1.25, 0.57]
[9, 0.91, 0.76, 1.35, 0.15, 7.314, 0.11, 1.83, 0.45, 1.25, 0.57]
[9, 0.91, 0.76, 1.35, 0.15, 7.314, 0.11, 1.83, 0.45, 1.25, 0.57]
[9, 0.91, 0.76, 1.35, 0.15, 7.314, 0.11, 1.83, 0.45, 1.25, 0.57]
[9, 0.91, 0.76, 1.35, 0.15, 7.314, 0.11, 1.83, 0.45, 1.25, 0.57]
[9, 0.91, 0.76, 1.35, 0.15, 7.314, 0.11, 1.83, 0.45, 1.25, 0.57]
[9, 0.91, 0.76, 1.35, 0.15, 7.314, 0.11, 1.83, 0.45, 1.25, 0.57]
[9, 0.91, 0.76, 1.35, 0.15, 7.314, 0.11, 1.83, 0.45, 1.25, 0.57]
[9, 0.91, 0.76, 1.35, 0.15, 7.314, 0.11, 1.83, 0.45, 1.25, 0.57]
[9, 0.91, 0.76, 1.35, 0.15, 7.314, 0.11, 1.83, 0.45, 1.25, 0.57]
[9, 0.91, 0.76, 1.35, 0.15, 7.314, 0.11, 1.83, 0.45, 1.25, 0.57]
[9, 0.91, 0.76, 1.35, 0.15, 7.314, 0.11, 1.83, 0.45, 1.25, 0.57]
[9, 0.91, 0.76, 1.35, 0.15, 7.314, 0.11, 1.83, 0.45, 1.25, 0.57]
[9, 0.91, 0.76, 1.35, 0.15, 7.314, 0.11, 1.83, 0.45, 1.25, 0.57]
[9, 0.91, 0.76, 1.35, 0.15, 7.314, 0.11, 1.83, 0.45, 1.25, 0.57]
[9, 0.91, 0.76, 1.35, 0.15, 7.632, 0.11, 1.83, 0.45, 1.25, 0.57]
[9, 0.91, 0.76, 1.35, 0.15, 7.632, 0.11, 1.83, 0.45, 1.25, 0.57]
[9, 0.91, 0.76, 1.35, 0.15, 7.632, 0.11, 1.83, 0.45, 1.25, 0.57]
[9, 0.91, 0.76, 1.35, 0.15, 7.632, 0.11, 1.83, 0.45, 1.25, 0.57]
[9, 0.91, 0.76, 1.35, 0.15, 7.632, 0.11, 1.83, 0.45, 1.25, 0.57]
[9, 0.91, 0.76, 1.35, 0.15, 7.632, 0.11, 1.83, 0.45, 1.25, 0.57]
[9, 0.91, 0.76, 1.35, 0.15, 7.632, 0.11, 1.83, 0.45, 1.25, 0.57]
[9, 0.91, 0.76, 1.35, 0.15, 7.632, 0.11, 1.83, 0.45, 1.25, 0.57]
[9, 0.91, 0.76, 1.35, 0.15, 7.632, 0.11, 1.83, 0.45, 1.25, 0.57]
[9, 0.91, 0.76, 1.35, 0.15, 7.632, 0.11, 1.83, 0.45, 1.25, 0.57]
[9, 0.91, 0.76, 1.35, 0.15, 7.632, 0.11, 1.83, 0.45, 1.25, 0.57]
[9, 0.91, 0.76, 1.35, 0.15, 7.632, 0.11, 1.83, 0.45, 1.25, 0.57]
[9, 0.91, 0.76, 1.35, 0.15, 7.632, 0.11, 1.83, 0.45, 1.25, 0.57]
[9, 0.91, 0.76, 1.35, 0.15, 7.632, 0.11, 1.83, 0.45, 1.25, 0.57]
[9, 0.91, 0.76, 1.35, 0.15, 7.632, 0.11, 1.83, 0.45, 1.25, 0.57]
[9, 0.91, 0.76, 1.35, 0.15, 7.632, 0.11, 1.83, 0.45, 1.25, 0.57]
[9, 0.91, 0.76, 1.35, 0.15, 7.95, 0.11, 1.83, 0.45, 1.25, 0.57]
[9, 0.91, 0.76, 1.35, 0.15, 7.95, 0.11, 1.83, 0.45, 1.25, 0.57]
[9, 0.91, 0.76, 1.35, 0.15, 7.95, 0.11, 1.83, 0.45, 1.25, 0.57]
[9, 0.91, 0.76, 1.35, 0.15, 7.95, 0.11, 1.83, 0.45, 1.25, 0.57]
[9, 0.91, 0.76, 1.35, 0.15, 7.95, 0.11, 1.83, 0.45, 1.25, 0.57]
[9, 0.91, 0.76, 1.35, 0.15, 7.95, 0.11, 1.83, 0.45, 1.25, 0.57]
[9, 0.91, 0.76, 1.35, 0.15, 7.95, 0.11, 1.83, 0.45, 1.25, 0.57]
[9, 0.91, 0.76, 1.35, 0.15, 7.95, 0.11, 1.83, 0.45, 1.25, 0.57]
[9, 0.91, 0.76, 1.35, 0.15, 7.95, 0.11, 1.83, 0.45, 1.25, 0.57]
[9, 0.91, 0.76, 1.35, 0.15, 7.95, 0.11, 1.83, 0.45, 1.25, 0.57]
[9, 0.91, 0.76, 1.35, 0.15, 7.95, 0.11, 1.83, 0.45, 1.25, 0.57]
[9, 0.91, 0.76, 1.35, 0.15, 7.95, 0.11, 1.83, 0.45, 1.25, 0.57]
[9, 0.91, 0.76, 1.35, 0.15, 7.95, 0.11, 1.83, 0.45, 1.25, 0.57]
[9, 0.91, 0.76, 1.35, 0.15, 7.95, 0.11, 1.83, 0.45, 1.25, 0.57]
[9, 0.91, 0.76, 1.35, 0.15, 7.95, 0.11, 1.83, 0.45, 1.25, 0.57]
[9, 0.91, 0.76, 1.35, 0.15, 7.95, 0.11, 1.83, 0.45, 1.25, 0.57]
[9, 0.91, 0.76, 1.35, 0.15, 6.36, 0.083, 1.83, 0.45, 1.25, 0.57]
[9, 0.91, 0.76, 1.35, 0.15, 6.36, 0.083, 1.83, 0.45, 1.25, 0.57]
[9, 0.91, 0.76, 1.35, 0.15, 6.36, 0.083, 1.83, 0.45, 1.25, 0.57]
[9, 0.91, 0.76, 1.35, 0.15, 6.36, 0.083, 1.83, 0.45, 1.25, 0.57]
[9, 0.91, 0.76, 1.35, 0.15, 6.36, 0.083, 1.83, 0.45, 1.25, 0.57]
[9, 0.91, 0.76, 1.35, 0.15, 6.36, 0.083, 1.83, 0.45, 1.25, 0.57]
[9, 0.91, 0.76, 1.35, 0.15, 6.36, 0.083, 1.83, 0.45, 1.25, 0.57]
[9, 0.91, 0.76, 1.35, 0.15, 6.36, 0.083, 1.83, 0.45, 1.25, 0.57]
[9, 0.91, 0.76, 1.35, 0.15, 6.36, 0.083, 1.83, 0.45, 1.25, 0.57]
[9, 0.91, 0.76, 1.35, 0.15, 6.36, 0.083, 1.83, 0.45, 1.25, 0.57]
[9, 0.91, 0.76, 1.35, 0.15, 6.36, 0.083, 1.83, 0.45, 1.25, 0.57]
[9, 0.91, 0.76, 1.35, 0.15, 6.36, 0.083, 1.83, 0.45, 1.25, 0.57]
[9, 0.91, 0.76, 1.35, 0.15, 6.36, 0.083, 1.83, 0.45, 1.25, 0.57]
[9, 0.91, 0.76, 1.35, 0.15, 6.36, 0.083, 1.83, 0.45, 1.25, 0.57]
[9, 0.91, 0.76, 1.35, 0.15, 6.36, 0.083, 1.83, 0.45, 1.25, 0.57]
[9, 0.91, 0.76, 1.35, 0.15, 6.36, 0.083, 1.83, 0.45, 1.25, 0.57]
[9, 0.91, 0.76, 1.35, 0.15, 6.36, 0.088, 1.83, 0.45, 1.25, 0.57]
[9, 0.91, 0.76, 1.35, 0.15, 6.36, 0.088, 1.83, 0.45, 1.25, 0.57]
[9, 0.91, 0.76, 1.35, 0.15, 6.36, 0.088, 1.83, 0.45, 1.25, 0.57]
[9, 0.91, 0.76, 1.35, 0.15, 6.36, 0.088, 1.83, 0.45, 1.25, 0.57]
[9, 0.91, 0.76, 1.35, 0.15, 6.36, 0.088, 1.83, 0.45, 1.25, 0.57]
[9, 0.91, 0.76, 1.35, 0.15, 6.36, 0.088, 1.83, 0.45, 1.25, 0.57]
[9, 0.91, 0.76, 1.35, 0.15, 6.36, 0.088, 1.83, 0.45, 1.25, 0.57]
[9, 0.91, 0.76, 1.35, 0.15, 6.36, 0.088, 1.83, 0.45, 1.25, 0.57]
[9, 0.91, 0.76, 1.35, 0.15, 6.36, 0.088, 1.83, 0.45, 1.25, 0.57]
[9, 0.91, 0.76, 1.35, 0.15, 6.36, 0.088, 1.83, 0.45, 1.25, 0.57]
[9, 0.91, 0.76, 1.35, 0.15, 6.36, 0.088, 1.83, 0.45, 1.25, 0.57]
[9, 0.91, 0.76, 1.35, 0.15, 6.36, 0.088, 1.83, 0.45, 1.25, 0.57]
[9, 0.91, 0.76, 1.35, 0.15, 6.36, 0.088, 1.83, 0.45, 1.25, 0.57]
[9, 0.91, 0.76, 1.35, 0.15, 6.36, 0.088, 1.83, 0.45, 1.25, 0.57]
[9, 0.91, 0.76, 1.35, 0.15, 6.36, 0.088, 1.83, 0.45, 1.25, 0.57]
[9, 0.91, 0.76, 1.35, 0.15, 6.36, 0.088, 1.83, 0.45, 1.25, 0.57]
[9, 0.91, 0.76, 1.35, 0.15, 6.36, 0.093, 1.83, 0.45, 1.25, 0.57]
[9, 0.91, 0.76, 1.35, 0.15, 6.36, 0.093, 1.83, 0.45, 1.25, 0.57]
[9, 0.91, 0.76, 1.35, 0.15, 6.36, 0.093, 1.83, 0.45, 1.25, 0.57]
[9, 0.91, 0.76, 1.35, 0.15, 6.36, 0.093, 1.83, 0.45, 1.25, 0.57]
[9, 0.91, 0.76, 1.35, 0.15, 6.36, 0.093, 1.83, 0.45, 1.25, 0.57]
[9, 0.91, 0.76, 1.35, 0.15, 6.36, 0.093, 1.83, 0.45, 1.25, 0.57]
[9, 0.91, 0.76, 1.35, 0.15, 6.36, 0.093, 1.83, 0.45, 1.25, 0.57]
[9, 0.91, 0.76, 1.35, 0.15, 6.36, 0.093, 1.83, 0.45, 1.25, 0.57]
[9, 0.91, 0.76, 1.35, 0.15, 6.36, 0.093, 1.83, 0.45, 1.25, 0.57]
[9, 0.91, 0.76, 1.35, 0.15, 6.36, 0.093, 1.83, 0.45, 1.25, 0.57]
[9, 0.91, 0.76, 1.35, 0.15, 6.36, 0.093, 1.83, 0.45, 1.25, 0.57]
[9, 0.91, 0.76, 1.35, 0.15, 6.36, 0.093, 1.83, 0.45, 1.25, 0.57]
[9, 0.91, 0.76, 1.35, 0.15, 6.36, 0.093, 1.83, 0.45, 1.25, 0.57]
[9, 0.91, 0.76, 1.35, 0.15, 6.36, 0.093, 1.83, 0.45, 1.25, 0.57]
[9, 0.91, 0.76, 1.35, 0.15, 6.36, 0.093, 1.83, 0.45, 1.25, 0.57]
[9, 0.91, 0.76, 1.35, 0.15, 6.36, 0.093, 1.83, 0.45, 1.25, 0.57]
[9, 0.91, 0.76, 1.35, 0.15, 6.36, 0.099, 1.83, 0.45, 1.25, 0.57]
[9, 0.91, 0.76, 1.35, 0.15, 6.36, 0.099, 1.83, 0.45, 1.25, 0.57]
[9, 0.91, 0.76, 1.35, 0.15, 6.36, 0.099, 1.83, 0.45, 1.25, 0.57]
[9, 0.91, 0.76, 1.35, 0.15, 6.36, 0.099, 1.83, 0.45, 1.25, 0.57]
[9, 0.91, 0.76, 1.35, 0.15, 6.36, 0.099, 1.83, 0.45, 1.25, 0.57]
[9, 0.91, 0.76, 1.35, 0.15, 6.36, 0.099, 1.83, 0.45, 1.25, 0.57]
[9, 0.91, 0.76, 1.35, 0.15, 6.36, 0.099, 1.83, 0.45, 1.25, 0.57]
[9, 0.91, 0.76, 1.35, 0.15, 6.36, 0.099, 1.83, 0.45, 1.25, 0.57]
[9, 0.91, 0.76, 1.35, 0.15, 6.36, 0.099, 1.83, 0.45, 1.25, 0.57]
[9, 0.91, 0.76, 1.35, 0.15, 6.36, 0.099, 1.83, 0.45, 1.25, 0.57]
[9, 0.91, 0.76, 1.35, 0.15, 6.36, 0.099, 1.83, 0.45, 1.25, 0.57]
[9, 0.91, 0.76, 1.35, 0.15, 6.36, 0.099, 1.83, 0.45, 1.25, 0.57]
[9, 0.91, 0.76, 1.35, 0.15, 6.36, 0.099, 1.83, 0.45, 1.25, 0.57]
[9, 0.91, 0.76, 1.35, 0.15, 6.36, 0.099, 1.83, 0.45, 1.25, 0.57]
[9, 0.91, 0.76, 1.35, 0.15, 6.36, 0.099, 1.83, 0.45, 1.25, 0.57]
[9, 0.91, 0.76, 1.35, 0.15, 6.36, 0.099, 1.83, 0.45, 1.25, 0.57]
[9, 0.91, 0.76, 1.35, 0.15, 6.36, 0.104, 1.83, 0.45, 1.25, 0.57]
[9, 0.91, 0.76, 1.35, 0.15, 6.36, 0.104, 1.83, 0.45, 1.25, 0.57]
[9, 0.91, 0.76, 1.35, 0.15, 6.36, 0.104, 1.83, 0.45, 1.25, 0.57]
[9, 0.91, 0.76, 1.35, 0.15, 6.36, 0.104, 1.83, 0.45, 1.25, 0.57]
[9, 0.91, 0.76, 1.35, 0.15, 6.36, 0.104, 1.83, 0.45, 1.25, 0.57]
[9, 0.91, 0.76, 1.35, 0.15, 6.36, 0.104, 1.83, 0.45, 1.25, 0.57]
[9, 0.91, 0.76, 1.35, 0.15, 6.36, 0.104, 1.83, 0.45, 1.25, 0.57]
[9, 0.91, 0.76, 1.35, 0.15, 6.36, 0.104, 1.83, 0.45, 1.25, 0.57]
[9, 0.91, 0.76, 1.35, 0.15, 6.36, 0.104, 1.83, 0.45, 1.25, 0.57]
[9, 0.91, 0.76, 1.35, 0.15, 6.36, 0.104, 1.83, 0.45, 1.25, 0.57]
[9, 0.91, 0.76, 1.35, 0.15, 6.36, 0.104, 1.83, 0.45, 1.25, 0.57]
[9, 0.91, 0.76, 1.35, 0.15, 6.36, 0.104, 1.83, 0.45, 1.25, 0.57]
[9, 0.91, 0.76, 1.35, 0.15, 6.36, 0.104, 1.83, 0.45, 1.25, 0.57]
[9, 0.91, 0.76, 1.35, 0.15, 6.36, 0.104, 1.83, 0.45, 1.25, 0.57]
[9, 0.91, 0.76, 1.35, 0.15, 6.36, 0.104, 1.83, 0.45, 1.25, 0.57]
[9, 0.91, 0.76, 1.35, 0.15, 6.36, 0.104, 1.83, 0.45, 1.25, 0.57]
[9, 0.91, 0.76, 1.35, 0.15, 6.36, 0.116, 1.83, 0.45, 1.25, 0.57]
[9, 0.91, 0.76, 1.35, 0.15, 6.36, 0.116, 1.83, 0.45, 1.25, 0.57]
[9, 0.91, 0.76, 1.35, 0.15, 6.36, 0.116, 1.83, 0.45, 1.25, 0.57]
[9, 0.91, 0.76, 1.35, 0.15, 6.36, 0.116, 1.83, 0.45, 1.25, 0.57]
[9, 0.91, 0.76, 1.35, 0.15, 6.36, 0.116, 1.83, 0.45, 1.25, 0.57]
[9, 0.91, 0.76, 1.35, 0.15, 6.36, 0.116, 1.83, 0.45, 1.25, 0.57]
[9, 0.91, 0.76, 1.35, 0.15, 6.36, 0.116, 1.83, 0.45, 1.25, 0.57]
[9, 0.91, 0.76, 1.35, 0.15, 6.36, 0.116, 1.83, 0.45, 1.25, 0.57]
[9, 0.91, 0.76, 1.35, 0.15, 6.36, 0.116, 1.83, 0.45, 1.25, 0.57]
[9, 0.91, 0.76, 1.35, 0.15, 6.36, 0.116, 1.83, 0.45, 1.25, 0.57]
[9, 0.91, 0.76, 1.35, 0.15, 6.36, 0.116, 1.83, 0.45, 1.25, 0.57]
[9, 0.91, 0.76, 1.35, 0.15, 6.36, 0.116, 1.83, 0.45, 1.25, 0.57]
[9, 0.91, 0.76, 1.35, 0.15, 6.36, 0.116, 1.83, 0.45, 1.25, 0.57]
[9, 0.91, 0.76, 1.35, 0.15, 6.36, 0.116, 1.83, 0.45, 1.25, 0.57]
[9, 0.91, 0.76, 1.35, 0.15, 6.36, 0.116, 1.83, 0.45, 1.25, 0.57]
[9, 0.91, 0.76, 1.35, 0.15, 6.36, 0.116, 1.83, 0.45, 1.25, 0.57]
[9, 0.91, 0.76, 1.35, 0.15, 6.36, 0.121, 1.83, 0.45, 1.25, 0.57]
[9, 0.91, 0.76, 1.35, 0.15, 6.36, 0.121, 1.83, 0.45, 1.25, 0.57]
[9, 0.91, 0.76, 1.35, 0.15, 6.36, 0.121, 1.83, 0.45, 1.25, 0.57]
[9, 0.91, 0.76, 1.35, 0.15, 6.36, 0.121, 1.83, 0.45, 1.25, 0.57]
[9, 0.91, 0.76, 1.35, 0.15, 6.36, 0.121, 1.83, 0.45, 1.25, 0.57]
[9, 0.91, 0.76, 1.35, 0.15, 6.36, 0.121, 1.83, 0.45, 1.25, 0.57]
[9, 0.91, 0.76, 1.35, 0.15, 6.36, 0.121, 1.83, 0.45, 1.25, 0.57]
[9, 0.91, 0.76, 1.35, 0.15, 6.36, 0.121, 1.83, 0.45, 1.25, 0.57]
[9, 0.91, 0.76, 1.35, 0.15, 6.36, 0.121, 1.83, 0.45, 1.25, 0.57]
[9, 0.91, 0.76, 1.35, 0.15, 6.36, 0.121, 1.83, 0.45, 1.25, 0.57]
[9, 0.91, 0.76, 1.35, 0.15, 6.36, 0.121, 1.83, 0.45, 1.25, 0.57]
[9, 0.91, 0.76, 1.35, 0.15, 6.36, 0.121, 1.83, 0.45, 1.25, 0.57]
[9, 0.91, 0.76, 1.35, 0.15, 6.36, 0.121, 1.83, 0.45, 1.25, 0.57]
[9, 0.91, 0.76, 1.35, 0.15, 6.36, 0.121, 1.83, 0.45, 1.25, 0.57]
[9, 0.91, 0.76, 1.35, 0.15, 6.36, 0.121, 1.83, 0.45, 1.25, 0.57]
[9, 0.91, 0.76, 1.35, 0.15, 6.36, 0.121, 1.83, 0.45, 1.25, 0.57]
[9, 0.91, 0.76, 1.35, 0.15, 6.36, 0.127, 1.83, 0.45, 1.25, 0.57]
[9, 0.91, 0.76, 1.35, 0.15, 6.36, 0.127, 1.83, 0.45, 1.25, 0.57]
[9, 0.91, 0.76, 1.35, 0.15, 6.36, 0.127, 1.83, 0.45, 1.25, 0.57]
[9, 0.91, 0.76, 1.35, 0.15, 6.36, 0.127, 1.83, 0.45, 1.25, 0.57]
[9, 0.91, 0.76, 1.35, 0.15, 6.36, 0.127, 1.83, 0.45, 1.25, 0.57]
[9, 0.91, 0.76, 1.35, 0.15, 6.36, 0.127, 1.83, 0.45, 1.25, 0.57]
[9, 0.91, 0.76, 1.35, 0.15, 6.36, 0.127, 1.83, 0.45, 1.25, 0.57]
[9, 0.91, 0.76, 1.35, 0.15, 6.36, 0.127, 1.83, 0.45, 1.25, 0.57]
[9, 0.91, 0.76, 1.35, 0.15, 6.36, 0.127, 1.83, 0.45, 1.25, 0.57]
[9, 0.91, 0.76, 1.35, 0.15, 6.36, 0.127, 1.83, 0.45, 1.25, 0.57]
[9, 0.91, 0.76, 1.35, 0.15, 6.36, 0.127, 1.83, 0.45, 1.25, 0.57]
[9, 0.91, 0.76, 1.35, 0.15, 6.36, 0.127, 1.83, 0.45, 1.25, 0.57]
[9, 0.91, 0.76, 1.35, 0.15, 6.36, 0.127, 1.83, 0.45, 1.25, 0.57]
[9, 0.91, 0.76, 1.35, 0.15, 6.36, 0.127, 1.83, 0.45, 1.25, 0.57]
[9, 0.91, 0.76, 1.35, 0.15, 6.36, 0.127, 1.83, 0.45, 1.25, 0.57]
[9, 0.91, 0.76, 1.35, 0.15, 6.36, 0.127, 1.83, 0.45, 1.25, 0.57]
[9, 0.91, 0.76, 1.35, 0.15, 6.36, 0.132, 1.83, 0.45, 1.25, 0.57]
[9, 0.91, 0.76, 1.35, 0.15, 6.36, 0.132, 1.83, 0.45, 1.25, 0.57]
[9, 0.91, 0.76, 1.35, 0.15, 6.36, 0.132, 1.83, 0.45, 1.25, 0.57]
[9, 0.91, 0.76, 1.35, 0.15, 6.36, 0.132, 1.83, 0.45, 1.25, 0.57]
[9, 0.91, 0.76, 1.35, 0.15, 6.36, 0.132, 1.83, 0.45, 1.25, 0.57]
[9, 0.91, 0.76, 1.35, 0.15, 6.36, 0.132, 1.83, 0.45, 1.25, 0.57]
[9, 0.91, 0.76, 1.35, 0.15, 6.36, 0.132, 1.83, 0.45, 1.25, 0.57]
[9, 0.91, 0.76, 1.35, 0.15, 6.36, 0.132, 1.83, 0.45, 1.25, 0.57]
[9, 0.91, 0.76, 1.35, 0.15, 6.36, 0.132, 1.83, 0.45, 1.25, 0.57]
[9, 0.91, 0.76, 1.35, 0.15, 6.36, 0.132, 1.83, 0.45, 1.25, 0.57]
[9, 0.91, 0.76, 1.35, 0.15, 6.36, 0.132, 1.83, 0.45, 1.25, 0.57]
[9, 0.91, 0.76, 1.35, 0.15, 6.36, 0.132, 1.83, 0.45, 1.25, 0.57]
[9, 0.91, 0.76, 1.35, 0.15, 6.36, 0.132, 1.83, 0.45, 1.25, 0.57]
[9, 0.91, 0.76, 1.35, 0.15, 6.36, 0.132, 1.83, 0.45, 1.25, 0.57]
[9, 0.91, 0.76, 1.35, 0.15, 6.36, 0.132, 1.83, 0.45, 1.25, 0.57]
[9, 0.91, 0.76, 1.35, 0.15, 6.36, 0.132, 1.83, 0.45, 1.25, 0.57]
[9, 0.91, 0.76, 1.35, 0.15, 6.36, 0.138, 1.83, 0.45, 1.25, 0.57]
[9, 0.91, 0.76, 1.35, 0.15, 6.36, 0.138, 1.83, 0.45, 1.25, 0.57]
[9, 0.91, 0.76, 1.35, 0.15, 6.36, 0.138, 1.83, 0.45, 1.25, 0.57]
[9, 0.91, 0.76, 1.35, 0.15, 6.36, 0.138, 1.83, 0.45, 1.25, 0.57]
[9, 0.91, 0.76, 1.35, 0.15, 6.36, 0.138, 1.83, 0.45, 1.25, 0.57]
[9, 0.91, 0.76, 1.35, 0.15, 6.36, 0.138, 1.83, 0.45, 1.25, 0.57]
[9, 0.91, 0.76, 1.35, 0.15, 6.36, 0.138, 1.83, 0.45, 1.25, 0.57]
[9, 0.91, 0.76, 1.35, 0.15, 6.36, 0.138, 1.83, 0.45, 1.25, 0.57]
[9, 0.91, 0.76, 1.35, 0.15, 6.36, 0.138, 1.83, 0.45, 1.25, 0.57]
[9, 0.91, 0.76, 1.35, 0.15, 6.36, 0.138, 1.83, 0.45, 1.25, 0.57]
[9, 0.91, 0.76, 1.35, 0.15, 6.36, 0.138, 1.83, 0.45, 1.25, 0.57]
[9, 0.91, 0.76, 1.35, 0.15, 6.36, 0.138, 1.83, 0.45, 1.25, 0.57]
[9, 0.91, 0.76, 1.35, 0.15, 6.36, 0.138, 1.83, 0.45, 1.25, 0.57]
[9, 0.91, 0.76, 1.35, 0.15, 6.36, 0.138, 1.83, 0.45, 1.25, 0.57]
[9, 0.91, 0.76, 1.35, 0.15, 6.36, 0.138, 1.83, 0.45, 1.25, 0.57]
[9, 0.91, 0.76, 1.35, 0.15, 6.36, 0.138, 1.83, 0.45, 1.25, 0.57]
[9, 0.91, 0.76, 1.35, 0.15, 6.36, 0.11, 1.373, 0.45, 1.25, 0.57]
[9, 0.91, 0.76, 1.35, 0.15, 6.36, 0.11, 1.373, 0.45, 1.25, 0.57]
[9, 0.91, 0.76, 1.35, 0.15, 6.36, 0.11, 1.373, 0.45, 1.25, 0.57]
[9, 0.91, 0.76, 1.35, 0.15, 6.36, 0.11, 1.373, 0.45, 1.25, 0.57]
[9, 0.91, 0.76, 1.35, 0.15, 6.36, 0.11, 1.373, 0.45, 1.25, 0.57]
[9, 0.91, 0.76, 1.35, 0.15, 6.36, 0.11, 1.373, 0.45, 1.25, 0.57]
[9, 0.91, 0.76, 1.35, 0.15, 6.36, 0.11, 1.373, 0.45, 1.25, 0.57]
[9, 0.91, 0.76, 1.35, 0.15, 6.36, 0.11, 1.373, 0.45, 1.25, 0.57]
[9, 0.91, 0.76, 1.35, 0.15, 6.36, 0.11, 1.373, 0.45, 1.25, 0.57]
[9, 0.91, 0.76, 1.35, 0.15, 6.36, 0.11, 1.373, 0.45, 1.25, 0.57]
[9, 0.91, 0.76, 1.35, 0.15, 6.36, 0.11, 1.373, 0.45, 1.25, 0.57]
[9, 0.91, 0.76, 1.35, 0.15, 6.36, 0.11, 1.373, 0.45, 1.25, 0.57]
[9, 0.91, 0.76, 1.35, 0.15, 6.36, 0.11, 1.373, 0.45, 1.25, 0.57]
[9, 0.91, 0.76, 1.35, 0.15, 6.36, 0.11, 1.373, 0.45, 1.25, 0.57]
[9, 0.91, 0.76, 1.35, 0.15, 6.36, 0.11, 1.373, 0.45, 1.25, 0.57]
[9, 0.91, 0.76, 1.35, 0.15, 6.36, 0.11, 1.373, 0.45, 1.25, 0.57]
[9, 0.91, 0.76, 1.35, 0.15, 6.36, 0.11, 1.464, 0.45, 1.25, 0.57]
[9, 0.91, 0.76, 1.35, 0.15, 6.36, 0.11, 1.464, 0.45, 1.25, 0.57]
[9, 0.91, 0.76, 1.35, 0.15, 6.36, 0.11, 1.464, 0.45, 1.25, 0.57]
[9, 0.91, 0.76, 1.35, 0.15, 6.36, 0.11, 1.464, 0.45, 1.25, 0.57]
[9, 0.91, 0.76, 1.35, 0.15, 6.36, 0.11, 1.464, 0.45, 1.25, 0.57]
[9, 0.91, 0.76, 1.35, 0.15, 6.36, 0.11, 1.464, 0.45, 1.25, 0.57]
[9, 0.91, 0.76, 1.35, 0.15, 6.36, 0.11, 1.464, 0.45, 1.25, 0.57]
[9, 0.91, 0.76, 1.35, 0.15, 6.36, 0.11, 1.464, 0.45, 1.25, 0.57]
[9, 0.91, 0.76, 1.35, 0.15, 6.36, 0.11, 1.464, 0.45, 1.25, 0.57]
[9, 0.91, 0.76, 1.35, 0.15, 6.36, 0.11, 1.464, 0.45, 1.25, 0.57]
[9, 0.91, 0.76, 1.35, 0.15, 6.36, 0.11, 1.464, 0.45, 1.25, 0.57]
[9, 0.91, 0.76, 1.35, 0.15, 6.36, 0.11, 1.464, 0.45, 1.25, 0.57]
[9, 0.91, 0.76, 1.35, 0.15, 6.36, 0.11, 1.464, 0.45, 1.25, 0.57]
[9, 0.91, 0.76, 1.35, 0.15, 6.36, 0.11, 1.464, 0.45, 1.25, 0.57]
[9, 0.91, 0.76, 1.35, 0.15, 6.36, 0.11, 1.464, 0.45, 1.25, 0.57]
[9, 0.91, 0.76, 1.35, 0.15, 6.36, 0.11, 1.464, 0.45, 1.25, 0.57]
[9, 0.91, 0.76, 1.35, 0.15, 6.36, 0.11, 1.556, 0.45, 1.25, 0.57]
[9, 0.91, 0.76, 1.35, 0.15, 6.36, 0.11, 1.556, 0.45, 1.25, 0.57]
[9, 0.91, 0.76, 1.35, 0.15, 6.36, 0.11, 1.556, 0.45, 1.25, 0.57]
[9, 0.91, 0.76, 1.35, 0.15, 6.36, 0.11, 1.556, 0.45, 1.25, 0.57]
[9, 0.91, 0.76, 1.35, 0.15, 6.36, 0.11, 1.556, 0.45, 1.25, 0.57]
[9, 0.91, 0.76, 1.35, 0.15, 6.36, 0.11, 1.556, 0.45, 1.25, 0.57]
[9, 0.91, 0.76, 1.35, 0.15, 6.36, 0.11, 1.556, 0.45, 1.25, 0.57]
[9, 0.91, 0.76, 1.35, 0.15, 6.36, 0.11, 1.556, 0.45, 1.25, 0.57]
[9, 0.91, 0.76, 1.35, 0.15, 6.36, 0.11, 1.556, 0.45, 1.25, 0.57]
[9, 0.91, 0.76, 1.35, 0.15, 6.36, 0.11, 1.556, 0.45, 1.25, 0.57]
[9, 0.91, 0.76, 1.35, 0.15, 6.36, 0.11, 1.556, 0.45, 1.25, 0.57]
[9, 0.91, 0.76, 1.35, 0.15, 6.36, 0.11, 1.556, 0.45, 1.25, 0.57]
[9, 0.91, 0.76, 1.35, 0.15, 6.36, 0.11, 1.556, 0.45, 1.25, 0.57]
[9, 0.91, 0.76, 1.35, 0.15, 6.36, 0.11, 1.556, 0.45, 1.25, 0.57]
[9, 0.91, 0.76, 1.35, 0.15, 6.36, 0.11, 1.556, 0.45, 1.25, 0.57]
[9, 0.91, 0.76, 1.35, 0.15, 6.36, 0.11, 1.556, 0.45, 1.25, 0.57]
[9, 0.91, 0.76, 1.35, 0.15, 6.36, 0.11, 1.647, 0.45, 1.25, 0.57]
[9, 0.91, 0.76, 1.35, 0.15, 6.36, 0.11, 1.647, 0.45, 1.25, 0.57]
[9, 0.91, 0.76, 1.35, 0.15, 6.36, 0.11, 1.647, 0.45, 1.25, 0.57]
[9, 0.91, 0.76, 1.35, 0.15, 6.36, 0.11, 1.647, 0.45, 1.25, 0.57]
[9, 0.91, 0.76, 1.35, 0.15, 6.36, 0.11, 1.647, 0.45, 1.25, 0.57]
[9, 0.91, 0.76, 1.35, 0.15, 6.36, 0.11, 1.647, 0.45, 1.25, 0.57]
[9, 0.91, 0.76, 1.35, 0.15, 6.36, 0.11, 1.647, 0.45, 1.25, 0.57]
[9, 0.91, 0.76, 1.35, 0.15, 6.36, 0.11, 1.647, 0.45, 1.25, 0.57]
[9, 0.91, 0.76, 1.35, 0.15, 6.36, 0.11, 1.647, 0.45, 1.25, 0.57]
[9, 0.91, 0.76, 1.35, 0.15, 6.36, 0.11, 1.647, 0.45, 1.25, 0.57]
[9, 0.91, 0.76, 1.35, 0.15, 6.36, 0.11, 1.647, 0.45, 1.25, 0.57]
[9, 0.91, 0.76, 1.35, 0.15, 6.36, 0.11, 1.647, 0.45, 1.25, 0.57]
[9, 0.91, 0.76, 1.35, 0.15, 6.36, 0.11, 1.647, 0.45, 1.25, 0.57]
[9, 0.91, 0.76, 1.35, 0.15, 6.36, 0.11, 1.647, 0.45, 1.25, 0.57]
[9, 0.91, 0.76, 1.35, 0.15, 6.36, 0.11, 1.647, 0.45, 1.25, 0.57]
[9, 0.91, 0.76, 1.35, 0.15, 6.36, 0.11, 1.647, 0.45, 1.25, 0.57]
[9, 0.91, 0.76, 1.35, 0.15, 6.36, 0.11, 1.739, 0.45, 1.25, 0.57]
[9, 0.91, 0.76, 1.35, 0.15, 6.36, 0.11, 1.739, 0.45, 1.25, 0.57]
[9, 0.91, 0.76, 1.35, 0.15, 6.36, 0.11, 1.739, 0.45, 1.25, 0.57]
[9, 0.91, 0.76, 1.35, 0.15, 6.36, 0.11, 1.739, 0.45, 1.25, 0.57]
[9, 0.91, 0.76, 1.35, 0.15, 6.36, 0.11, 1.739, 0.45, 1.25, 0.57]
[9, 0.91, 0.76, 1.35, 0.15, 6.36, 0.11, 1.739, 0.45, 1.25, 0.57]
[9, 0.91, 0.76, 1.35, 0.15, 6.36, 0.11, 1.739, 0.45, 1.25, 0.57]
[9, 0.91, 0.76, 1.35, 0.15, 6.36, 0.11, 1.739, 0.45, 1.25, 0.57]
[9, 0.91, 0.76, 1.35, 0.15, 6.36, 0.11, 1.739, 0.45, 1.25, 0.57]
[9, 0.91, 0.76, 1.35, 0.15, 6.36, 0.11, 1.739, 0.45, 1.25, 0.57]
[9, 0.91, 0.76, 1.35, 0.15, 6.36, 0.11, 1.739, 0.45, 1.25, 0.57]
[9, 0.91, 0.76, 1.35, 0.15, 6.36, 0.11, 1.739, 0.45, 1.25, 0.57]
[9, 0.91, 0.76, 1.35, 0.15, 6.36, 0.11, 1.739, 0.45, 1.25, 0.57]
[9, 0.91, 0.76, 1.35, 0.15, 6.36, 0.11, 1.739, 0.45, 1.25, 0.57]
[9, 0.91, 0.76, 1.35, 0.15, 6.36, 0.11, 1.739, 0.45, 1.25, 0.57]
[9, 0.91, 0.76, 1.35, 0.15, 6.36, 0.11, 1.739, 0.45, 1.25, 0.57]
[9, 0.91, 0.76, 1.35, 0.15, 6.36, 0.11, 1.921, 0.45, 1.25, 0.57]
[9, 0.91, 0.76, 1.35, 0.15, 6.36, 0.11, 1.921, 0.45, 1.25, 0.57]
[9, 0.91, 0.76, 1.35, 0.15, 6.36, 0.11, 1.921, 0.45, 1.25, 0.57]
[9, 0.91, 0.76, 1.35, 0.15, 6.36, 0.11, 1.921, 0.45, 1.25, 0.57]
[9, 0.91, 0.76, 1.35, 0.15, 6.36, 0.11, 1.921, 0.45, 1.25, 0.57]
[9, 0.91, 0.76, 1.35, 0.15, 6.36, 0.11, 1.921, 0.45, 1.25, 0.57]
[9, 0.91, 0.76, 1.35, 0.15, 6.36, 0.11, 1.921, 0.45, 1.25, 0.57]
[9, 0.91, 0.76, 1.35, 0.15, 6.36, 0.11, 1.921, 0.45, 1.25, 0.57]
[9, 0.91, 0.76, 1.35, 0.15, 6.36, 0.11, 1.921, 0.45, 1.25, 0.57]
[9, 0.91, 0.76, 1.35, 0.15, 6.36, 0.11, 1.921, 0.45, 1.25, 0.57]
[9, 0.91, 0.76, 1.35, 0.15, 6.36, 0.11, 1.921, 0.45, 1.25, 0.57]
[9, 0.91, 0.76, 1.35, 0.15, 6.36, 0.11, 1.921, 0.45, 1.25, 0.57]
[9, 0.91, 0.76, 1.35, 0.15, 6.36, 0.11, 1.921, 0.45, 1.25, 0.57]
[9, 0.91, 0.76, 1.35, 0.15, 6.36, 0.11, 1.921, 0.45, 1.25, 0.57]
[9, 0.91, 0.76, 1.35, 0.15, 6.36, 0.11, 1.921, 0.45, 1.25, 0.57]
[9, 0.91, 0.76, 1.35, 0.15, 6.36, 0.11, 1.921, 0.45, 1.25, 0.57]
[9, 0.91, 0.76, 1.35, 0.15, 6.36, 0.11, 2.013, 0.45, 1.25, 0.57]
[9, 0.91, 0.76, 1.35, 0.15, 6.36, 0.11, 2.013, 0.45, 1.25, 0.57]
[9, 0.91, 0.76, 1.35, 0.15, 6.36, 0.11, 2.013, 0.45, 1.25, 0.57]
[9, 0.91, 0.76, 1.35, 0.15, 6.36, 0.11, 2.013, 0.45, 1.25, 0.57]
[9, 0.91, 0.76, 1.35, 0.15, 6.36, 0.11, 2.013, 0.45, 1.25, 0.57]
[9, 0.91, 0.76, 1.35, 0.15, 6.36, 0.11, 2.013, 0.45, 1.25, 0.57]
[9, 0.91, 0.76, 1.35, 0.15, 6.36, 0.11, 2.013, 0.45, 1.25, 0.57]
[9, 0.91, 0.76, 1.35, 0.15, 6.36, 0.11, 2.013, 0.45, 1.25, 0.57]
[9, 0.91, 0.76, 1.35, 0.15, 6.36, 0.11, 2.013, 0.45, 1.25, 0.57]
[9, 0.91, 0.76, 1.35, 0.15, 6.36, 0.11, 2.013, 0.45, 1.25, 0.57]
[9, 0.91, 0.76, 1.35, 0.15, 6.36, 0.11, 2.013, 0.45, 1.25, 0.57]
[9, 0.91, 0.76, 1.35, 0.15, 6.36, 0.11, 2.013, 0.45, 1.25, 0.57]
[9, 0.91, 0.76, 1.35, 0.15, 6.36, 0.11, 2.013, 0.45, 1.25, 0.57]
[9, 0.91, 0.76, 1.35, 0.15, 6.36, 0.11, 2.013, 0.45, 1.25, 0.57]
[9, 0.91, 0.76, 1.35, 0.15, 6.36, 0.11, 2.013, 0.45, 1.25, 0.57]
[9, 0.91, 0.76, 1.35, 0.15, 6.36, 0.11, 2.013, 0.45, 1.25, 0.57]
[9, 0.91, 0.76, 1.35, 0.15, 6.36, 0.11, 2.105, 0.45, 1.25, 0.57]
[9, 0.91, 0.76, 1.35, 0.15, 6.36, 0.11, 2.105, 0.45, 1.25, 0.57]
[9, 0.91, 0.76, 1.35, 0.15, 6.36, 0.11, 2.105, 0.45, 1.25, 0.57]
[9, 0.91, 0.76, 1.35, 0.15, 6.36, 0.11, 2.105, 0.45, 1.25, 0.57]
[9, 0.91, 0.76, 1.35, 0.15, 6.36, 0.11, 2.105, 0.45, 1.25, 0.57]
[9, 0.91, 0.76, 1.35, 0.15, 6.36, 0.11, 2.105, 0.45, 1.25, 0.57]
[9, 0.91, 0.76, 1.35, 0.15, 6.36, 0.11, 2.105, 0.45, 1.25, 0.57]
[9, 0.91, 0.76, 1.35, 0.15, 6.36, 0.11, 2.105, 0.45, 1.25, 0.57]
[9, 0.91, 0.76, 1.35, 0.15, 6.36, 0.11, 2.105, 0.45, 1.25, 0.57]
[9, 0.91, 0.76, 1.35, 0.15, 6.36, 0.11, 2.105, 0.45, 1.25, 0.57]
[9, 0.91, 0.76, 1.35, 0.15, 6.36, 0.11, 2.105, 0.45, 1.25, 0.57]
[9, 0.91, 0.76, 1.35, 0.15, 6.36, 0.11, 2.105, 0.45, 1.25, 0.57]
[9, 0.91, 0.76, 1.35, 0.15, 6.36, 0.11, 2.105, 0.45, 1.25, 0.57]
[9, 0.91, 0.76, 1.35, 0.15, 6.36, 0.11, 2.105, 0.45, 1.25, 0.57]
[9, 0.91, 0.76, 1.35, 0.15, 6.36, 0.11, 2.105, 0.45, 1.25, 0.57]
[9, 0.91, 0.76, 1.35, 0.15, 6.36, 0.11, 2.105, 0.45, 1.25, 0.57]
[9, 0.91, 0.76, 1.35, 0.15, 6.36, 0.11, 2.196, 0.45, 1.25, 0.57]
[9, 0.91, 0.76, 1.35, 0.15, 6.36, 0.11, 2.196, 0.45, 1.25, 0.57]
[9, 0.91, 0.76, 1.35, 0.15, 6.36, 0.11, 2.196, 0.45, 1.25, 0.57]
[9, 0.91, 0.76, 1.35, 0.15, 6.36, 0.11, 2.196, 0.45, 1.25, 0.57]
[9, 0.91, 0.76, 1.35, 0.15, 6.36, 0.11, 2.196, 0.45, 1.25, 0.57]
[9, 0.91, 0.76, 1.35, 0.15, 6.36, 0.11, 2.196, 0.45, 1.25, 0.57]
[9, 0.91, 0.76, 1.35, 0.15, 6.36, 0.11, 2.196, 0.45, 1.25, 0.57]
[9, 0.91, 0.76, 1.35, 0.15, 6.36, 0.11, 2.196, 0.45, 1.25, 0.57]
[9, 0.91, 0.76, 1.35, 0.15, 6.36, 0.11, 2.196, 0.45, 1.25, 0.57]
[9, 0.91, 0.76, 1.35, 0.15, 6.36, 0.11, 2.196, 0.45, 1.25, 0.57]
[9, 0.91, 0.76, 1.35, 0.15, 6.36, 0.11, 2.196, 0.45, 1.25, 0.57]
[9, 0.91, 0.76, 1.35, 0.15, 6.36, 0.11, 2.196, 0.45, 1.25, 0.57]
[9, 0.91, 0.76, 1.35, 0.15, 6.36, 0.11, 2.196, 0.45, 1.25, 0.57]
[9, 0.91, 0.76, 1.35, 0.15, 6.36, 0.11, 2.196, 0.45, 1.25, 0.57]
[9, 0.91, 0.76, 1.35, 0.15, 6.36, 0.11, 2.196, 0.45, 1.25, 0.57]
[9, 0.91, 0.76, 1.35, 0.15, 6.36, 0.11, 2.196, 0.45, 1.25, 0.57]
[9, 0.91, 0.76, 1.35, 0.15, 6.36, 0.11, 2.288, 0.45, 1.25, 0.57]
[9, 0.91, 0.76, 1.35, 0.15, 6.36, 0.11, 2.288, 0.45, 1.25, 0.57]
[9, 0.91, 0.76, 1.35, 0.15, 6.36, 0.11, 2.288, 0.45, 1.25, 0.57]
[9, 0.91, 0.76, 1.35, 0.15, 6.36, 0.11, 2.288, 0.45, 1.25, 0.57]
[9, 0.91, 0.76, 1.35, 0.15, 6.36, 0.11, 2.288, 0.45, 1.25, 0.57]
[9, 0.91, 0.76, 1.35, 0.15, 6.36, 0.11, 2.288, 0.45, 1.25, 0.57]
[9, 0.91, 0.76, 1.35, 0.15, 6.36, 0.11, 2.288, 0.45, 1.25, 0.57]
[9, 0.91, 0.76, 1.35, 0.15, 6.36, 0.11, 2.288, 0.45, 1.25, 0.57]
[9, 0.91, 0.76, 1.35, 0.15, 6.36, 0.11, 2.288, 0.45, 1.25, 0.57]
[9, 0.91, 0.76, 1.35, 0.15, 6.36, 0.11, 2.288, 0.45, 1.25, 0.57]
[9, 0.91, 0.76, 1.35, 0.15, 6.36, 0.11, 2.288, 0.45, 1.25, 0.57]
[9, 0.91, 0.76, 1.35, 0.15, 6.36, 0.11, 2.288, 0.45, 1.25, 0.57]
[9, 0.91, 0.76, 1.35, 0.15, 6.36, 0.11, 2.288, 0.45, 1.25, 0.57]
[9, 0.91, 0.76, 1.35, 0.15, 6.36, 0.11, 2.288, 0.45, 1.25, 0.57]
[9, 0.91, 0.76, 1.35, 0.15, 6.36, 0.11, 2.288, 0.45, 1.25, 0.57]
[9, 0.91, 0.76, 1.35, 0.15, 6.36, 0.11, 2.288, 0.45, 1.25, 0.57]
[9, 0.91, 0.76, 1.35, 0.15, 6.36, 0.11, 1.83, 0.338, 1.25, 0.57]
[9, 0.91, 0.76, 1.35, 0.15, 6.36, 0.11, 1.83, 0.338, 1.25, 0.57]
[9, 0.91, 0.76, 1.35, 0.15, 6.36, 0.11, 1.83, 0.338, 1.25, 0.57]
[9, 0.91, 0.76, 1.35, 0.15, 6.36, 0.11, 1.83, 0.338, 1.25, 0.57]
[9, 0.91, 0.76, 1.35, 0.15, 6.36, 0.11, 1.83, 0.338, 1.25, 0.57]
[9, 0.91, 0.76, 1.35, 0.15, 6.36, 0.11, 1.83, 0.338, 1.25, 0.57]
[9, 0.91, 0.76, 1.35, 0.15, 6.36, 0.11, 1.83, 0.338, 1.25, 0.57]
[9, 0.91, 0.76, 1.35, 0.15, 6.36, 0.11, 1.83, 0.338, 1.25, 0.57]
[9, 0.91, 0.76, 1.35, 0.15, 6.36, 0.11, 1.83, 0.338, 1.25, 0.57]
[9, 0.91, 0.76, 1.35, 0.15, 6.36, 0.11, 1.83, 0.338, 1.25, 0.57]
[9, 0.91, 0.76, 1.35, 0.15, 6.36, 0.11, 1.83, 0.338, 1.25, 0.57]
[9, 0.91, 0.76, 1.35, 0.15, 6.36, 0.11, 1.83, 0.338, 1.25, 0.57]
[9, 0.91, 0.76, 1.35, 0.15, 6.36, 0.11, 1.83, 0.338, 1.25, 0.57]
[9, 0.91, 0.76, 1.35, 0.15, 6.36, 0.11, 1.83, 0.338, 1.25, 0.57]
[9, 0.91, 0.76, 1.35, 0.15, 6.36, 0.11, 1.83, 0.338, 1.25, 0.57]
[9, 0.91, 0.76, 1.35, 0.15, 6.36, 0.11, 1.83, 0.338, 1.25, 0.57]
[9, 0.91, 0.76, 1.35, 0.15, 6.36, 0.11, 1.83, 0.36, 1.25, 0.57]
[9, 0.91, 0.76, 1.35, 0.15, 6.36, 0.11, 1.83, 0.36, 1.25, 0.57]
[9, 0.91, 0.76, 1.35, 0.15, 6.36, 0.11, 1.83, 0.36, 1.25, 0.57]
[9, 0.91, 0.76, 1.35, 0.15, 6.36, 0.11, 1.83, 0.36, 1.25, 0.57]
[9, 0.91, 0.76, 1.35, 0.15, 6.36, 0.11, 1.83, 0.36, 1.25, 0.57]
[9, 0.91, 0.76, 1.35, 0.15, 6.36, 0.11, 1.83, 0.36, 1.25, 0.57]
[9, 0.91, 0.76, 1.35, 0.15, 6.36, 0.11, 1.83, 0.36, 1.25, 0.57]
[9, 0.91, 0.76, 1.35, 0.15, 6.36, 0.11, 1.83, 0.36, 1.25, 0.57]
[9, 0.91, 0.76, 1.35, 0.15, 6.36, 0.11, 1.83, 0.36, 1.25, 0.57]
[9, 0.91, 0.76, 1.35, 0.15, 6.36, 0.11, 1.83, 0.36, 1.25, 0.57]
[9, 0.91, 0.76, 1.35, 0.15, 6.36, 0.11, 1.83, 0.36, 1.25, 0.57]
[9, 0.91, 0.76, 1.35, 0.15, 6.36, 0.11, 1.83, 0.36, 1.25, 0.57]
[9, 0.91, 0.76, 1.35, 0.15, 6.36, 0.11, 1.83, 0.36, 1.25, 0.57]
[9, 0.91, 0.76, 1.35, 0.15, 6.36, 0.11, 1.83, 0.36, 1.25, 0.57]
[9, 0.91, 0.76, 1.35, 0.15, 6.36, 0.11, 1.83, 0.36, 1.25, 0.57]
[9, 0.91, 0.76, 1.35, 0.15, 6.36, 0.11, 1.83, 0.36, 1.25, 0.57]
[9, 0.91, 0.76, 1.35, 0.15, 6.36, 0.11, 1.83, 0.383, 1.25, 0.57]
[9, 0.91, 0.76, 1.35, 0.15, 6.36, 0.11, 1.83, 0.383, 1.25, 0.57]
[9, 0.91, 0.76, 1.35, 0.15, 6.36, 0.11, 1.83, 0.383, 1.25, 0.57]
[9, 0.91, 0.76, 1.35, 0.15, 6.36, 0.11, 1.83, 0.383, 1.25, 0.57]
[9, 0.91, 0.76, 1.35, 0.15, 6.36, 0.11, 1.83, 0.383, 1.25, 0.57]
[9, 0.91, 0.76, 1.35, 0.15, 6.36, 0.11, 1.83, 0.383, 1.25, 0.57]
[9, 0.91, 0.76, 1.35, 0.15, 6.36, 0.11, 1.83, 0.383, 1.25, 0.57]
[9, 0.91, 0.76, 1.35, 0.15, 6.36, 0.11, 1.83, 0.383, 1.25, 0.57]
[9, 0.91, 0.76, 1.35, 0.15, 6.36, 0.11, 1.83, 0.383, 1.25, 0.57]
[9, 0.91, 0.76, 1.35, 0.15, 6.36, 0.11, 1.83, 0.383, 1.25, 0.57]
[9, 0.91, 0.76, 1.35, 0.15, 6.36, 0.11, 1.83, 0.383, 1.25, 0.57]
[9, 0.91, 0.76, 1.35, 0.15, 6.36, 0.11, 1.83, 0.383, 1.25, 0.57]
[9, 0.91, 0.76, 1.35, 0.15, 6.36, 0.11, 1.83, 0.383, 1.25, 0.57]
[9, 0.91, 0.76, 1.35, 0.15, 6.36, 0.11, 1.83, 0.383, 1.25, 0.57]
[9, 0.91, 0.76, 1.35, 0.15, 6.36, 0.11, 1.83, 0.383, 1.25, 0.57]
[9, 0.91, 0.76, 1.35, 0.15, 6.36, 0.11, 1.83, 0.383, 1.25, 0.57]
[9, 0.91, 0.76, 1.35, 0.15, 6.36, 0.11, 1.83, 0.405, 1.25, 0.57]
[9, 0.91, 0.76, 1.35, 0.15, 6.36, 0.11, 1.83, 0.405, 1.25, 0.57]
[9, 0.91, 0.76, 1.35, 0.15, 6.36, 0.11, 1.83, 0.405, 1.25, 0.57]
[9, 0.91, 0.76, 1.35, 0.15, 6.36, 0.11, 1.83, 0.405, 1.25, 0.57]
[9, 0.91, 0.76, 1.35, 0.15, 6.36, 0.11, 1.83, 0.405, 1.25, 0.57]
[9, 0.91, 0.76, 1.35, 0.15, 6.36, 0.11, 1.83, 0.405, 1.25, 0.57]
[9, 0.91, 0.76, 1.35, 0.15, 6.36, 0.11, 1.83, 0.405, 1.25, 0.57]
[9, 0.91, 0.76, 1.35, 0.15, 6.36, 0.11, 1.83, 0.405, 1.25, 0.57]
[9, 0.91, 0.76, 1.35, 0.15, 6.36, 0.11, 1.83, 0.405, 1.25, 0.57]
[9, 0.91, 0.76, 1.35, 0.15, 6.36, 0.11, 1.83, 0.405, 1.25, 0.57]
[9, 0.91, 0.76, 1.35, 0.15, 6.36, 0.11, 1.83, 0.405, 1.25, 0.57]
[9, 0.91, 0.76, 1.35, 0.15, 6.36, 0.11, 1.83, 0.405, 1.25, 0.57]
[9, 0.91, 0.76, 1.35, 0.15, 6.36, 0.11, 1.83, 0.405, 1.25, 0.57]
[9, 0.91, 0.76, 1.35, 0.15, 6.36, 0.11, 1.83, 0.405, 1.25, 0.57]
[9, 0.91, 0.76, 1.35, 0.15, 6.36, 0.11, 1.83, 0.405, 1.25, 0.57]
[9, 0.91, 0.76, 1.35, 0.15, 6.36, 0.11, 1.83, 0.405, 1.25, 0.57]
[9, 0.91, 0.76, 1.35, 0.15, 6.36, 0.11, 1.83, 0.427, 1.25, 0.57]
[9, 0.91, 0.76, 1.35, 0.15, 6.36, 0.11, 1.83, 0.427, 1.25, 0.57]
[9, 0.91, 0.76, 1.35, 0.15, 6.36, 0.11, 1.83, 0.427, 1.25, 0.57]
[9, 0.91, 0.76, 1.35, 0.15, 6.36, 0.11, 1.83, 0.427, 1.25, 0.57]
[9, 0.91, 0.76, 1.35, 0.15, 6.36, 0.11, 1.83, 0.427, 1.25, 0.57]
[9, 0.91, 0.76, 1.35, 0.15, 6.36, 0.11, 1.83, 0.427, 1.25, 0.57]
[9, 0.91, 0.76, 1.35, 0.15, 6.36, 0.11, 1.83, 0.427, 1.25, 0.57]
[9, 0.91, 0.76, 1.35, 0.15, 6.36, 0.11, 1.83, 0.427, 1.25, 0.57]
[9, 0.91, 0.76, 1.35, 0.15, 6.36, 0.11, 1.83, 0.427, 1.25, 0.57]
[9, 0.91, 0.76, 1.35, 0.15, 6.36, 0.11, 1.83, 0.427, 1.25, 0.57]
[9, 0.91, 0.76, 1.35, 0.15, 6.36, 0.11, 1.83, 0.427, 1.25, 0.57]
[9, 0.91, 0.76, 1.35, 0.15, 6.36, 0.11, 1.83, 0.427, 1.25, 0.57]
[9, 0.91, 0.76, 1.35, 0.15, 6.36, 0.11, 1.83, 0.427, 1.25, 0.57]
[9, 0.91, 0.76, 1.35, 0.15, 6.36, 0.11, 1.83, 0.427, 1.25, 0.57]
[9, 0.91, 0.76, 1.35, 0.15, 6.36, 0.11, 1.83, 0.427, 1.25, 0.57]
[9, 0.91, 0.76, 1.35, 0.15, 6.36, 0.11, 1.83, 0.427, 1.25, 0.57]
[9, 0.91, 0.76, 1.35, 0.15, 6.36, 0.11, 1.83, 0.473, 1.25, 0.57]
[9, 0.91, 0.76, 1.35, 0.15, 6.36, 0.11, 1.83, 0.473, 1.25, 0.57]
[9, 0.91, 0.76, 1.35, 0.15, 6.36, 0.11, 1.83, 0.473, 1.25, 0.57]
[9, 0.91, 0.76, 1.35, 0.15, 6.36, 0.11, 1.83, 0.473, 1.25, 0.57]
[9, 0.91, 0.76, 1.35, 0.15, 6.36, 0.11, 1.83, 0.473, 1.25, 0.57]
[9, 0.91, 0.76, 1.35, 0.15, 6.36, 0.11, 1.83, 0.473, 1.25, 0.57]
[9, 0.91, 0.76, 1.35, 0.15, 6.36, 0.11, 1.83, 0.473, 1.25, 0.57]
[9, 0.91, 0.76, 1.35, 0.15, 6.36, 0.11, 1.83, 0.473, 1.25, 0.57]
[9, 0.91, 0.76, 1.35, 0.15, 6.36, 0.11, 1.83, 0.473, 1.25, 0.57]
[9, 0.91, 0.76, 1.35, 0.15, 6.36, 0.11, 1.83, 0.473, 1.25, 0.57]
[9, 0.91, 0.76, 1.35, 0.15, 6.36, 0.11, 1.83, 0.473, 1.25, 0.57]
[9, 0.91, 0.76, 1.35, 0.15, 6.36, 0.11, 1.83, 0.473, 1.25, 0.57]
[9, 0.91, 0.76, 1.35, 0.15, 6.36, 0.11, 1.83, 0.473, 1.25, 0.57]
[9, 0.91, 0.76, 1.35, 0.15, 6.36, 0.11, 1.83, 0.473, 1.25, 0.57]
[9, 0.91, 0.76, 1.35, 0.15, 6.36, 0.11, 1.83, 0.473, 1.25, 0.57]
[9, 0.91, 0.76, 1.35, 0.15, 6.36, 0.11, 1.83, 0.473, 1.25, 0.57]
[9, 0.91, 0.76, 1.35, 0.15, 6.36, 0.11, 1.83, 0.495, 1.25, 0.57]
[9, 0.91, 0.76, 1.35, 0.15, 6.36, 0.11, 1.83, 0.495, 1.25, 0.57]
[9, 0.91, 0.76, 1.35, 0.15, 6.36, 0.11, 1.83, 0.495, 1.25, 0.57]
[9, 0.91, 0.76, 1.35, 0.15, 6.36, 0.11, 1.83, 0.495, 1.25, 0.57]
[9, 0.91, 0.76, 1.35, 0.15, 6.36, 0.11, 1.83, 0.495, 1.25, 0.57]
[9, 0.91, 0.76, 1.35, 0.15, 6.36, 0.11, 1.83, 0.495, 1.25, 0.57]
[9, 0.91, 0.76, 1.35, 0.15, 6.36, 0.11, 1.83, 0.495, 1.25, 0.57]
[9, 0.91, 0.76, 1.35, 0.15, 6.36, 0.11, 1.83, 0.495, 1.25, 0.57]
[9, 0.91, 0.76, 1.35, 0.15, 6.36, 0.11, 1.83, 0.495, 1.25, 0.57]
[9, 0.91, 0.76, 1.35, 0.15, 6.36, 0.11, 1.83, 0.495, 1.25, 0.57]
[9, 0.91, 0.76, 1.35, 0.15, 6.36, 0.11, 1.83, 0.495, 1.25, 0.57]
[9, 0.91, 0.76, 1.35, 0.15, 6.36, 0.11, 1.83, 0.495, 1.25, 0.57]
[9, 0.91, 0.76, 1.35, 0.15, 6.36, 0.11, 1.83, 0.495, 1.25, 0.57]
[9, 0.91, 0.76, 1.35, 0.15, 6.36, 0.11, 1.83, 0.495, 1.25, 0.57]
[9, 0.91, 0.76, 1.35, 0.15, 6.36, 0.11, 1.83, 0.495, 1.25, 0.57]
[9, 0.91, 0.76, 1.35, 0.15, 6.36, 0.11, 1.83, 0.495, 1.25, 0.57]
[9, 0.91, 0.76, 1.35, 0.15, 6.36, 0.11, 1.83, 0.45, 0.938, 0.57]
[9, 0.91, 0.76, 1.35, 0.15, 6.36, 0.11, 1.83, 0.45, 0.938, 0.57]
[9, 0.91, 0.76, 1.35, 0.15, 6.36, 0.11, 1.83, 0.45, 0.938, 0.57]
[9, 0.91, 0.76, 1.35, 0.15, 6.36, 0.11, 1.83, 0.45, 0.938, 0.57]
[9, 0.91, 0.76, 1.35, 0.15, 6.36, 0.11, 1.83, 0.45, 0.938, 0.57]
[9, 0.91, 0.76, 1.35, 0.15, 6.36, 0.11, 1.83, 0.45, 0.938, 0.57]
[9, 0.91, 0.76, 1.35, 0.15, 6.36, 0.11, 1.83, 0.45, 0.938, 0.57]
[9, 0.91, 0.76, 1.35, 0.15, 6.36, 0.11, 1.83, 0.45, 0.938, 0.57]
[9, 0.91, 0.76, 1.35, 0.15, 6.36, 0.11, 1.83, 0.45, 0.938, 0.57]
[9, 0.91, 0.76, 1.35, 0.15, 6.36, 0.11, 1.83, 0.45, 0.938, 0.57]
[9, 0.91, 0.76, 1.35, 0.15, 6.36, 0.11, 1.83, 0.45, 0.938, 0.57]
[9, 0.91, 0.76, 1.35, 0.15, 6.36, 0.11, 1.83, 0.45, 0.938, 0.57]
[9, 0.91, 0.76, 1.35, 0.15, 6.36, 0.11, 1.83, 0.45, 0.938, 0.57]
[9, 0.91, 0.76, 1.35, 0.15, 6.36, 0.11, 1.83, 0.45, 0.938, 0.57]
[9, 0.91, 0.76, 1.35, 0.15, 6.36, 0.11, 1.83, 0.45, 0.938, 0.57]
[9, 0.91, 0.76, 1.35, 0.15, 6.36, 0.11, 1.83, 0.45, 0.938, 0.57]
[9, 0.91, 0.76, 1.35, 0.15, 6.36, 0.11, 1.83, 0.45, 1.0, 0.57]
[9, 0.91, 0.76, 1.35, 0.15, 6.36, 0.11, 1.83, 0.45, 1.0, 0.57]
[9, 0.91, 0.76, 1.35, 0.15, 6.36, 0.11, 1.83, 0.45, 1.0, 0.57]
[9, 0.91, 0.76, 1.35, 0.15, 6.36, 0.11, 1.83, 0.45, 1.0, 0.57]
[9, 0.91, 0.76, 1.35, 0.15, 6.36, 0.11, 1.83, 0.45, 1.0, 0.57]
[9, 0.91, 0.76, 1.35, 0.15, 6.36, 0.11, 1.83, 0.45, 1.0, 0.57]
[9, 0.91, 0.76, 1.35, 0.15, 6.36, 0.11, 1.83, 0.45, 1.0, 0.57]
[9, 0.91, 0.76, 1.35, 0.15, 6.36, 0.11, 1.83, 0.45, 1.0, 0.57]
[9, 0.91, 0.76, 1.35, 0.15, 6.36, 0.11, 1.83, 0.45, 1.0, 0.57]
[9, 0.91, 0.76, 1.35, 0.15, 6.36, 0.11, 1.83, 0.45, 1.0, 0.57]
[9, 0.91, 0.76, 1.35, 0.15, 6.36, 0.11, 1.83, 0.45, 1.0, 0.57]
[9, 0.91, 0.76, 1.35, 0.15, 6.36, 0.11, 1.83, 0.45, 1.0, 0.57]
[9, 0.91, 0.76, 1.35, 0.15, 6.36, 0.11, 1.83, 0.45, 1.0, 0.57]
[9, 0.91, 0.76, 1.35, 0.15, 6.36, 0.11, 1.83, 0.45, 1.0, 0.57]
[9, 0.91, 0.76, 1.35, 0.15, 6.36, 0.11, 1.83, 0.45, 1.0, 0.57]
[9, 0.91, 0.76, 1.35, 0.15, 6.36, 0.11, 1.83, 0.45, 1.0, 0.57]
[9, 0.91, 0.76, 1.35, 0.15, 6.36, 0.11, 1.83, 0.45, 1.062, 0.57]
[9, 0.91, 0.76, 1.35, 0.15, 6.36, 0.11, 1.83, 0.45, 1.062, 0.57]
[9, 0.91, 0.76, 1.35, 0.15, 6.36, 0.11, 1.83, 0.45, 1.062, 0.57]
[9, 0.91, 0.76, 1.35, 0.15, 6.36, 0.11, 1.83, 0.45, 1.062, 0.57]
[9, 0.91, 0.76, 1.35, 0.15, 6.36, 0.11, 1.83, 0.45, 1.062, 0.57]
[9, 0.91, 0.76, 1.35, 0.15, 6.36, 0.11, 1.83, 0.45, 1.062, 0.57]
[9, 0.91, 0.76, 1.35, 0.15, 6.36, 0.11, 1.83, 0.45, 1.062, 0.57]
[9, 0.91, 0.76, 1.35, 0.15, 6.36, 0.11, 1.83, 0.45, 1.062, 0.57]
[9, 0.91, 0.76, 1.35, 0.15, 6.36, 0.11, 1.83, 0.45, 1.062, 0.57]
[9, 0.91, 0.76, 1.35, 0.15, 6.36, 0.11, 1.83, 0.45, 1.062, 0.57]
[9, 0.91, 0.76, 1.35, 0.15, 6.36, 0.11, 1.83, 0.45, 1.062, 0.57]
[9, 0.91, 0.76, 1.35, 0.15, 6.36, 0.11, 1.83, 0.45, 1.062, 0.57]
[9, 0.91, 0.76, 1.35, 0.15, 6.36, 0.11, 1.83, 0.45, 1.062, 0.57]
[9, 0.91, 0.76, 1.35, 0.15, 6.36, 0.11, 1.83, 0.45, 1.062, 0.57]
[9, 0.91, 0.76, 1.35, 0.15, 6.36, 0.11, 1.83, 0.45, 1.062, 0.57]
[9, 0.91, 0.76, 1.35, 0.15, 6.36, 0.11, 1.83, 0.45, 1.062, 0.57]
[9, 0.91, 0.76, 1.35, 0.15, 6.36, 0.11, 1.83, 0.45, 1.125, 0.57]
[9, 0.91, 0.76, 1.35, 0.15, 6.36, 0.11, 1.83, 0.45, 1.125, 0.57]
[9, 0.91, 0.76, 1.35, 0.15, 6.36, 0.11, 1.83, 0.45, 1.125, 0.57]
[9, 0.91, 0.76, 1.35, 0.15, 6.36, 0.11, 1.83, 0.45, 1.125, 0.57]
[9, 0.91, 0.76, 1.35, 0.15, 6.36, 0.11, 1.83, 0.45, 1.125, 0.57]
[9, 0.91, 0.76, 1.35, 0.15, 6.36, 0.11, 1.83, 0.45, 1.125, 0.57]
[9, 0.91, 0.76, 1.35, 0.15, 6.36, 0.11, 1.83, 0.45, 1.125, 0.57]
[9, 0.91, 0.76, 1.35, 0.15, 6.36, 0.11, 1.83, 0.45, 1.125, 0.57]
[9, 0.91, 0.76, 1.35, 0.15, 6.36, 0.11, 1.83, 0.45, 1.125, 0.57]
[9, 0.91, 0.76, 1.35, 0.15, 6.36, 0.11, 1.83, 0.45, 1.125, 0.57]
[9, 0.91, 0.76, 1.35, 0.15, 6.36, 0.11, 1.83, 0.45, 1.125, 0.57]
[9, 0.91, 0.76, 1.35, 0.15, 6.36, 0.11, 1.83, 0.45, 1.125, 0.57]
[9, 0.91, 0.76, 1.35, 0.15, 6.36, 0.11, 1.83, 0.45, 1.125, 0.57]
[9, 0.91, 0.76, 1.35, 0.15, 6.36, 0.11, 1.83, 0.45, 1.125, 0.57]
[9, 0.91, 0.76, 1.35, 0.15, 6.36, 0.11, 1.83, 0.45, 1.125, 0.57]
[9, 0.91, 0.76, 1.35, 0.15, 6.36, 0.11, 1.83, 0.45, 1.125, 0.57]
[9, 0.91, 0.76, 1.35, 0.15, 6.36, 0.11, 1.83, 0.45, 1.188, 0.57]
[9, 0.91, 0.76, 1.35, 0.15, 6.36, 0.11, 1.83, 0.45, 1.188, 0.57]
[9, 0.91, 0.76, 1.35, 0.15, 6.36, 0.11, 1.83, 0.45, 1.188, 0.57]
[9, 0.91, 0.76, 1.35, 0.15, 6.36, 0.11, 1.83, 0.45, 1.188, 0.57]
[9, 0.91, 0.76, 1.35, 0.15, 6.36, 0.11, 1.83, 0.45, 1.188, 0.57]
[9, 0.91, 0.76, 1.35, 0.15, 6.36, 0.11, 1.83, 0.45, 1.188, 0.57]
[9, 0.91, 0.76, 1.35, 0.15, 6.36, 0.11, 1.83, 0.45, 1.188, 0.57]
[9, 0.91, 0.76, 1.35, 0.15, 6.36, 0.11, 1.83, 0.45, 1.188, 0.57]
[9, 0.91, 0.76, 1.35, 0.15, 6.36, 0.11, 1.83, 0.45, 1.188, 0.57]
[9, 0.91, 0.76, 1.35, 0.15, 6.36, 0.11, 1.83, 0.45, 1.188, 0.57]
[9, 0.91, 0.76, 1.35, 0.15, 6.36, 0.11, 1.83, 0.45, 1.188, 0.57]
[9, 0.91, 0.76, 1.35, 0.15, 6.36, 0.11, 1.83, 0.45, 1.188, 0.57]
[9, 0.91, 0.76, 1.35, 0.15, 6.36, 0.11, 1.83, 0.45, 1.188, 0.57]
[9, 0.91, 0.76, 1.35, 0.15, 6.36, 0.11, 1.83, 0.45, 1.188, 0.57]
[9, 0.91, 0.76, 1.35, 0.15, 6.36, 0.11, 1.83, 0.45, 1.188, 0.57]
[9, 0.91, 0.76, 1.35, 0.15, 6.36, 0.11, 1.83, 0.45, 1.188, 0.57]
[9, 0.91, 0.76, 1.35, 0.15, 6.36, 0.11, 1.83, 0.45, 1.312, 0.57]
[9, 0.91, 0.76, 1.35, 0.15, 6.36, 0.11, 1.83, 0.45, 1.312, 0.57]
[9, 0.91, 0.76, 1.35, 0.15, 6.36, 0.11, 1.83, 0.45, 1.312, 0.57]
[9, 0.91, 0.76, 1.35, 0.15, 6.36, 0.11, 1.83, 0.45, 1.312, 0.57]
[9, 0.91, 0.76, 1.35, 0.15, 6.36, 0.11, 1.83, 0.45, 1.312, 0.57]
[9, 0.91, 0.76, 1.35, 0.15, 6.36, 0.11, 1.83, 0.45, 1.312, 0.57]
[9, 0.91, 0.76, 1.35, 0.15, 6.36, 0.11, 1.83, 0.45, 1.312, 0.57]
[9, 0.91, 0.76, 1.35, 0.15, 6.36, 0.11, 1.83, 0.45, 1.312, 0.57]
[9, 0.91, 0.76, 1.35, 0.15, 6.36, 0.11, 1.83, 0.45, 1.312, 0.57]
[9, 0.91, 0.76, 1.35, 0.15, 6.36, 0.11, 1.83, 0.45, 1.312, 0.57]
[9, 0.91, 0.76, 1.35, 0.15, 6.36, 0.11, 1.83, 0.45, 1.312, 0.57]
[9, 0.91, 0.76, 1.35, 0.15, 6.36, 0.11, 1.83, 0.45, 1.312, 0.57]
[9, 0.91, 0.76, 1.35, 0.15, 6.36, 0.11, 1.83, 0.45, 1.312, 0.57]
[9, 0.91, 0.76, 1.35, 0.15, 6.36, 0.11, 1.83, 0.45, 1.312, 0.57]
[9, 0.91, 0.76, 1.35, 0.15, 6.36, 0.11, 1.83, 0.45, 1.312, 0.57]
[9, 0.91, 0.76, 1.35, 0.15, 6.36, 0.11, 1.83, 0.45, 1.312, 0.57]
[9, 0.91, 0.76, 1.35, 0.15, 6.36, 0.11, 1.83, 0.45, 1.375, 0.57]
[9, 0.91, 0.76, 1.35, 0.15, 6.36, 0.11, 1.83, 0.45, 1.375, 0.57]
[9, 0.91, 0.76, 1.35, 0.15, 6.36, 0.11, 1.83, 0.45, 1.375, 0.57]
[9, 0.91, 0.76, 1.35, 0.15, 6.36, 0.11, 1.83, 0.45, 1.375, 0.57]
[9, 0.91, 0.76, 1.35, 0.15, 6.36, 0.11, 1.83, 0.45, 1.375, 0.57]
[9, 0.91, 0.76, 1.35, 0.15, 6.36, 0.11, 1.83, 0.45, 1.375, 0.57]
[9, 0.91, 0.76, 1.35, 0.15, 6.36, 0.11, 1.83, 0.45, 1.375, 0.57]
[9, 0.91, 0.76, 1.35, 0.15, 6.36, 0.11, 1.83, 0.45, 1.375, 0.57]
[9, 0.91, 0.76, 1.35, 0.15, 6.36, 0.11, 1.83, 0.45, 1.375, 0.57]
[9, 0.91, 0.76, 1.35, 0.15, 6.36, 0.11, 1.83, 0.45, 1.375, 0.57]
[9, 0.91, 0.76, 1.35, 0.15, 6.36, 0.11, 1.83, 0.45, 1.375, 0.57]
[9, 0.91, 0.76, 1.35, 0.15, 6.36, 0.11, 1.83, 0.45, 1.375, 0.57]
[9, 0.91, 0.76, 1.35, 0.15, 6.36, 0.11, 1.83, 0.45, 1.375, 0.57]
[9, 0.91, 0.76, 1.35, 0.15, 6.36, 0.11, 1.83, 0.45, 1.375, 0.57]
[9, 0.91, 0.76, 1.35, 0.15, 6.36, 0.11, 1.83, 0.45, 1.375, 0.57]
[9, 0.91, 0.76, 1.35, 0.15, 6.36, 0.11, 1.83, 0.45, 1.375, 0.57]
[9, 0.91, 0.76, 1.35, 0.15, 6.36, 0.11, 1.83, 0.45, 1.438, 0.57]
[9, 0.91, 0.76, 1.35, 0.15, 6.36, 0.11, 1.83, 0.45, 1.438, 0.57]
[9, 0.91, 0.76, 1.35, 0.15, 6.36, 0.11, 1.83, 0.45, 1.438, 0.57]
[9, 0.91, 0.76, 1.35, 0.15, 6.36, 0.11, 1.83, 0.45, 1.438, 0.57]
[9, 0.91, 0.76, 1.35, 0.15, 6.36, 0.11, 1.83, 0.45, 1.438, 0.57]
[9, 0.91, 0.76, 1.35, 0.15, 6.36, 0.11, 1.83, 0.45, 1.438, 0.57]
[9, 0.91, 0.76, 1.35, 0.15, 6.36, 0.11, 1.83, 0.45, 1.438, 0.57]
[9, 0.91, 0.76, 1.35, 0.15, 6.36, 0.11, 1.83, 0.45, 1.438, 0.57]
[9, 0.91, 0.76, 1.35, 0.15, 6.36, 0.11, 1.83, 0.45, 1.438, 0.57]
[9, 0.91, 0.76, 1.35, 0.15, 6.36, 0.11, 1.83, 0.45, 1.438, 0.57]
[9, 0.91, 0.76, 1.35, 0.15, 6.36, 0.11, 1.83, 0.45, 1.438, 0.57]
[9, 0.91, 0.76, 1.35, 0.15, 6.36, 0.11, 1.83, 0.45, 1.438, 0.57]
[9, 0.91, 0.76, 1.35, 0.15, 6.36, 0.11, 1.83, 0.45, 1.438, 0.57]
[9, 0.91, 0.76, 1.35, 0.15, 6.36, 0.11, 1.83, 0.45, 1.438, 0.57]
[9, 0.91, 0.76, 1.35, 0.15, 6.36, 0.11, 1.83, 0.45, 1.438, 0.57]
[9, 0.91, 0.76, 1.35, 0.15, 6.36, 0.11, 1.83, 0.45, 1.438, 0.57]
[9, 0.91, 0.76, 1.35, 0.15, 6.36, 0.11, 1.83, 0.45, 1.5, 0.57]
[9, 0.91, 0.76, 1.35, 0.15, 6.36, 0.11, 1.83, 0.45, 1.5, 0.57]
[9, 0.91, 0.76, 1.35, 0.15, 6.36, 0.11, 1.83, 0.45, 1.5, 0.57]
[9, 0.91, 0.76, 1.35, 0.15, 6.36, 0.11, 1.83, 0.45, 1.5, 0.57]
[9, 0.91, 0.76, 1.35, 0.15, 6.36, 0.11, 1.83, 0.45, 1.5, 0.57]
[9, 0.91, 0.76, 1.35, 0.15, 6.36, 0.11, 1.83, 0.45, 1.5, 0.57]
[9, 0.91, 0.76, 1.35, 0.15, 6.36, 0.11, 1.83, 0.45, 1.5, 0.57]
[9, 0.91, 0.76, 1.35, 0.15, 6.36, 0.11, 1.83, 0.45, 1.5, 0.57]
[9, 0.91, 0.76, 1.35, 0.15, 6.36, 0.11, 1.83, 0.45, 1.5, 0.57]
[9, 0.91, 0.76, 1.35, 0.15, 6.36, 0.11, 1.83, 0.45, 1.5, 0.57]
[9, 0.91, 0.76, 1.35, 0.15, 6.36, 0.11, 1.83, 0.45, 1.5, 0.57]
[9, 0.91, 0.76, 1.35, 0.15, 6.36, 0.11, 1.83, 0.45, 1.5, 0.57]
[9, 0.91, 0.76, 1.35, 0.15, 6.36, 0.11, 1.83, 0.45, 1.5, 0.57]
[9, 0.91, 0.76, 1.35, 0.15, 6.36, 0.11, 1.83, 0.45, 1.5, 0.57]
[9, 0.91, 0.76, 1.35, 0.15, 6.36, 0.11, 1.83, 0.45, 1.5, 0.57]
[9, 0.91, 0.76, 1.35, 0.15, 6.36, 0.11, 1.83, 0.45, 1.5, 0.57]
[9, 0.91, 0.76, 1.35, 0.15, 6.36, 0.11, 1.83, 0.45, 1.25, 0.427]
[9, 0.91, 0.76, 1.35, 0.15, 6.36, 0.11, 1.83, 0.45, 1.25, 0.427]
[9, 0.91, 0.76, 1.35, 0.15, 6.36, 0.11, 1.83, 0.45, 1.25, 0.427]
[9, 0.91, 0.76, 1.35, 0.15, 6.36, 0.11, 1.83, 0.45, 1.25, 0.427]
[9, 0.91, 0.76, 1.35, 0.15, 6.36, 0.11, 1.83, 0.45, 1.25, 0.427]
[9, 0.91, 0.76, 1.35, 0.15, 6.36, 0.11, 1.83, 0.45, 1.25, 0.427]
[9, 0.91, 0.76, 1.35, 0.15, 6.36, 0.11, 1.83, 0.45, 1.25, 0.427]
[9, 0.91, 0.76, 1.35, 0.15, 6.36, 0.11, 1.83, 0.45, 1.25, 0.427]
[9, 0.91, 0.76, 1.35, 0.15, 6.36, 0.11, 1.83, 0.45, 1.25, 0.427]
[9, 0.91, 0.76, 1.35, 0.15, 6.36, 0.11, 1.83, 0.45, 1.25, 0.427]
[9, 0.91, 0.76, 1.35, 0.15, 6.36, 0.11, 1.83, 0.45, 1.25, 0.427]
[9, 0.91, 0.76, 1.35, 0.15, 6.36, 0.11, 1.83, 0.45, 1.25, 0.427]
[9, 0.91, 0.76, 1.35, 0.15, 6.36, 0.11, 1.83, 0.45, 1.25, 0.427]
[9, 0.91, 0.76, 1.35, 0.15, 6.36, 0.11, 1.83, 0.45, 1.25, 0.427]
[9, 0.91, 0.76, 1.35, 0.15, 6.36, 0.11, 1.83, 0.45, 1.25, 0.427]
[9, 0.91, 0.76, 1.35, 0.15, 6.36, 0.11, 1.83, 0.45, 1.25, 0.427]
[9, 0.91, 0.76, 1.35, 0.15, 6.36, 0.11, 1.83, 0.45, 1.25, 0.456]
[9, 0.91, 0.76, 1.35, 0.15, 6.36, 0.11, 1.83, 0.45, 1.25, 0.456]
[9, 0.91, 0.76, 1.35, 0.15, 6.36, 0.11, 1.83, 0.45, 1.25, 0.456]
[9, 0.91, 0.76, 1.35, 0.15, 6.36, 0.11, 1.83, 0.45, 1.25, 0.456]
[9, 0.91, 0.76, 1.35, 0.15, 6.36, 0.11, 1.83, 0.45, 1.25, 0.456]
[9, 0.91, 0.76, 1.35, 0.15, 6.36, 0.11, 1.83, 0.45, 1.25, 0.456]
[9, 0.91, 0.76, 1.35, 0.15, 6.36, 0.11, 1.83, 0.45, 1.25, 0.456]
[9, 0.91, 0.76, 1.35, 0.15, 6.36, 0.11, 1.83, 0.45, 1.25, 0.456]
[9, 0.91, 0.76, 1.35, 0.15, 6.36, 0.11, 1.83, 0.45, 1.25, 0.456]
[9, 0.91, 0.76, 1.35, 0.15, 6.36, 0.11, 1.83, 0.45, 1.25, 0.456]
[9, 0.91, 0.76, 1.35, 0.15, 6.36, 0.11, 1.83, 0.45, 1.25, 0.456]
[9, 0.91, 0.76, 1.35, 0.15, 6.36, 0.11, 1.83, 0.45, 1.25, 0.456]
[9, 0.91, 0.76, 1.35, 0.15, 6.36, 0.11, 1.83, 0.45, 1.25, 0.456]
[9, 0.91, 0.76, 1.35, 0.15, 6.36, 0.11, 1.83, 0.45, 1.25, 0.456]
[9, 0.91, 0.76, 1.35, 0.15, 6.36, 0.11, 1.83, 0.45, 1.25, 0.456]
[9, 0.91, 0.76, 1.35, 0.15, 6.36, 0.11, 1.83, 0.45, 1.25, 0.456]
[9, 0.91, 0.76, 1.35, 0.15, 6.36, 0.11, 1.83, 0.45, 1.25, 0.484]
[9, 0.91, 0.76, 1.35, 0.15, 6.36, 0.11, 1.83, 0.45, 1.25, 0.484]
[9, 0.91, 0.76, 1.35, 0.15, 6.36, 0.11, 1.83, 0.45, 1.25, 0.484]
[9, 0.91, 0.76, 1.35, 0.15, 6.36, 0.11, 1.83, 0.45, 1.25, 0.484]
[9, 0.91, 0.76, 1.35, 0.15, 6.36, 0.11, 1.83, 0.45, 1.25, 0.484]
[9, 0.91, 0.76, 1.35, 0.15, 6.36, 0.11, 1.83, 0.45, 1.25, 0.484]
[9, 0.91, 0.76, 1.35, 0.15, 6.36, 0.11, 1.83, 0.45, 1.25, 0.484]
[9, 0.91, 0.76, 1.35, 0.15, 6.36, 0.11, 1.83, 0.45, 1.25, 0.484]
[9, 0.91, 0.76, 1.35, 0.15, 6.36, 0.11, 1.83, 0.45, 1.25, 0.484]
[9, 0.91, 0.76, 1.35, 0.15, 6.36, 0.11, 1.83, 0.45, 1.25, 0.484]
[9, 0.91, 0.76, 1.35, 0.15, 6.36, 0.11, 1.83, 0.45, 1.25, 0.484]
[9, 0.91, 0.76, 1.35, 0.15, 6.36, 0.11, 1.83, 0.45, 1.25, 0.484]
[9, 0.91, 0.76, 1.35, 0.15, 6.36, 0.11, 1.83, 0.45, 1.25, 0.484]
[9, 0.91, 0.76, 1.35, 0.15, 6.36, 0.11, 1.83, 0.45, 1.25, 0.484]
[9, 0.91, 0.76, 1.35, 0.15, 6.36, 0.11, 1.83, 0.45, 1.25, 0.484]
[9, 0.91, 0.76, 1.35, 0.15, 6.36, 0.11, 1.83, 0.45, 1.25, 0.484]
[9, 0.91, 0.76, 1.35, 0.15, 6.36, 0.11, 1.83, 0.45, 1.25, 0.513]
[9, 0.91, 0.76, 1.35, 0.15, 6.36, 0.11, 1.83, 0.45, 1.25, 0.513]
[9, 0.91, 0.76, 1.35, 0.15, 6.36, 0.11, 1.83, 0.45, 1.25, 0.513]
[9, 0.91, 0.76, 1.35, 0.15, 6.36, 0.11, 1.83, 0.45, 1.25, 0.513]
[9, 0.91, 0.76, 1.35, 0.15, 6.36, 0.11, 1.83, 0.45, 1.25, 0.513]
[9, 0.91, 0.76, 1.35, 0.15, 6.36, 0.11, 1.83, 0.45, 1.25, 0.513]
[9, 0.91, 0.76, 1.35, 0.15, 6.36, 0.11, 1.83, 0.45, 1.25, 0.513]
[9, 0.91, 0.76, 1.35, 0.15, 6.36, 0.11, 1.83, 0.45, 1.25, 0.513]
[9, 0.91, 0.76, 1.35, 0.15, 6.36, 0.11, 1.83, 0.45, 1.25, 0.513]
[9, 0.91, 0.76, 1.35, 0.15, 6.36, 0.11, 1.83, 0.45, 1.25, 0.513]
[9, 0.91, 0.76, 1.35, 0.15, 6.36, 0.11, 1.83, 0.45, 1.25, 0.513]
[9, 0.91, 0.76, 1.35, 0.15, 6.36, 0.11, 1.83, 0.45, 1.25, 0.513]
[9, 0.91, 0.76, 1.35, 0.15, 6.36, 0.11, 1.83, 0.45, 1.25, 0.513]
[9, 0.91, 0.76, 1.35, 0.15, 6.36, 0.11, 1.83, 0.45, 1.25, 0.513]
[9, 0.91, 0.76, 1.35, 0.15, 6.36, 0.11, 1.83, 0.45, 1.25, 0.513]
[9, 0.91, 0.76, 1.35, 0.15, 6.36, 0.11, 1.83, 0.45, 1.25, 0.513]
[9, 0.91, 0.76, 1.35, 0.15, 6.36, 0.11, 1.83, 0.45, 1.25, 0.541]
[9, 0.91, 0.76, 1.35, 0.15, 6.36, 0.11, 1.83, 0.45, 1.25, 0.541]
[9, 0.91, 0.76, 1.35, 0.15, 6.36, 0.11, 1.83, 0.45, 1.25, 0.541]
[9, 0.91, 0.76, 1.35, 0.15, 6.36, 0.11, 1.83, 0.45, 1.25, 0.541]
[9, 0.91, 0.76, 1.35, 0.15, 6.36, 0.11, 1.83, 0.45, 1.25, 0.541]
[9, 0.91, 0.76, 1.35, 0.15, 6.36, 0.11, 1.83, 0.45, 1.25, 0.541]
[9, 0.91, 0.76, 1.35, 0.15, 6.36, 0.11, 1.83, 0.45, 1.25, 0.541]
[9, 0.91, 0.76, 1.35, 0.15, 6.36, 0.11, 1.83, 0.45, 1.25, 0.541]
[9, 0.91, 0.76, 1.35, 0.15, 6.36, 0.11, 1.83, 0.45, 1.25, 0.541]
[9, 0.91, 0.76, 1.35, 0.15, 6.36, 0.11, 1.83, 0.45, 1.25, 0.541]
[9, 0.91, 0.76, 1.35, 0.15, 6.36, 0.11, 1.83, 0.45, 1.25, 0.541]
[9, 0.91, 0.76, 1.35, 0.15, 6.36, 0.11, 1.83, 0.45, 1.25, 0.541]
[9, 0.91, 0.76, 1.35, 0.15, 6.36, 0.11, 1.83, 0.45, 1.25, 0.541]
[9, 0.91, 0.76, 1.35, 0.15, 6.36, 0.11, 1.83, 0.45, 1.25, 0.541]
[9, 0.91, 0.76, 1.35, 0.15, 6.36, 0.11, 1.83, 0.45, 1.25, 0.541]
[9, 0.91, 0.76, 1.35, 0.15, 6.36, 0.11, 1.83, 0.45, 1.25, 0.541]
[9, 0.91, 0.76, 1.35, 0.15, 6.36, 0.11, 1.83, 0.45, 1.25, 0.598]
[9, 0.91, 0.76, 1.35, 0.15, 6.36, 0.11, 1.83, 0.45, 1.25, 0.598]
[9, 0.91, 0.76, 1.35, 0.15, 6.36, 0.11, 1.83, 0.45, 1.25, 0.598]
[9, 0.91, 0.76, 1.35, 0.15, 6.36, 0.11, 1.83, 0.45, 1.25, 0.598]
[9, 0.91, 0.76, 1.35, 0.15, 6.36, 0.11, 1.83, 0.45, 1.25, 0.598]
[9, 0.91, 0.76, 1.35, 0.15, 6.36, 0.11, 1.83, 0.45, 1.25, 0.598]
[9, 0.91, 0.76, 1.35, 0.15, 6.36, 0.11, 1.83, 0.45, 1.25, 0.598]
[9, 0.91, 0.76, 1.35, 0.15, 6.36, 0.11, 1.83, 0.45, 1.25, 0.598]
[9, 0.91, 0.76, 1.35, 0.15, 6.36, 0.11, 1.83, 0.45, 1.25, 0.598]
[9, 0.91, 0.76, 1.35, 0.15, 6.36, 0.11, 1.83, 0.45, 1.25, 0.598]
[9, 0.91, 0.76, 1.35, 0.15, 6.36, 0.11, 1.83, 0.45, 1.25, 0.598]
[9, 0.91, 0.76, 1.35, 0.15, 6.36, 0.11, 1.83, 0.45, 1.25, 0.598]
[9, 0.91, 0.76, 1.35, 0.15, 6.36, 0.11, 1.83, 0.45, 1.25, 0.598]
[9, 0.91, 0.76, 1.35, 0.15, 6.36, 0.11, 1.83, 0.45, 1.25, 0.598]
[9, 0.91, 0.76, 1.35, 0.15, 6.36, 0.11, 1.83, 0.45, 1.25, 0.598]
[9, 0.91, 0.76, 1.35, 0.15, 6.36, 0.11, 1.83, 0.45, 1.25, 0.598]
